000000000000000000000000000000000000000000000000000000000100000000010000000000000000
101111011111111111111111011111101111111111111111110111111111111111011110011111111011
111110110111000111110101111100011010111111110101111111001111101111111111101001111111
000000000000000000000000000000000000000000000001000000000000000000000000000000001000
101100000110000010010001001100000000100001100100010000001010000000000110000000100000
000001001000111000001000000011100100000000001010000000110000010000000000010100000000
111111111111111111111011111111111111111111111111111111111111111111111111111110111111
111111111111111111111011101111111111111111111111111111111111111111111111111110111111
111111111111111111111111111111111111111111111111111111111111111111111110111111111011
111111111110111111111111111111111101111111111111111101111011111111101111111111111111
111111111101111111111111111111111111111111111111101111111111111111111111111111111111
000001000000111000001000000011000100000000000000000000010000010000000000000000000000
110011111111111101111111111111111111111111111111111111111111111111111111111111111111
101100000110000110010001001100000000100001100100010000001010000000000110000000100000
111101111110111110111011101111111101110011101110011101111010111101101111111110110110
000000000000000000000000000000010000000000000000001000000000000000000000000000000000
111111110111111111111111111111011111111111110101111111111111111111111111101111111111
111111111111111111111111111111111111111111110101111111111111111111111111111111111111
010011111001111001101110110011111111011100011011101011110101010111110001111111001111
001100000110000010000000001100000000100000000000010000001010000000000000000000000000
111101111110111110111111111111111101111111101111011101111010111111101111111111111111
000000000001000000000000000000000000000000000000000010000000000000000000000000000000
101100000110000110010001001100000000100011100100010100001010101101001110000000110010
000000000000100000001000000000000100000000000000000000000000010000000000000000000000
000000000000000000001000000000000100000000000000000000000000010000000000000000000000
111111011111111111111111011111111111111111111111111111111111111111111111111111111111
111111111101111111111111111011111111111111111111101111110111111111111111111111111111
111110110111000111110101111100011011111111110101111111001111101111111111101011111111
111111111111111111011111111111110111111111111111111111111111111111111111110111111111
000000001000000000000000000000100000000000001010000000000000000000000000000000000000
101111011111111111111111011111101111101111111111110111111111111111011110011111111011
111111111101111111111111111111111111111111111111101111110111111111111111111111111111
110011111111111101111111110111111111111111111111111111111111111111111111111111111111
010000000000000000000000000000000000000000000000000000000000000000000001000000000100
111111111111001111110111111110111011111111111111111111101111101111111111111111111111
000000000000000000000000000000000000000001000100000000000000000000000000000000100000
111111111111111111111111111111111110111111111111111111111111111111111111111101111111
001100000110000010000000001100000000100000000000010000001000000000000000000000000000
011111111111111111101111111111111111111111111111111111111111111111111111111111111111
000001000000111000001000000011000100000000000000000000010000010000000000000100000000
111101111110111110111011101111111101110111101110011101111010111111101111111110110110
001000000000000010000000000000000000000000000000000000000000000000000000000000000000
010010100001000001000100110000010010011100010001101010000101000010110001100001001101
000010000001000001000000000000000010000000010000100010000100000000010000000000000000
111111111111111111111111111111111111111111111111111111111111010111111111111111111111
100000000000000000010000000000000000000001000100000000000000000000000110000000100000
111101111110111110111111111111111101110111101111011101111010111111101111111111111111
010011111001111101101110110011111111011110111011101111110101111111111001111111011111
111101111110111110111011101111111101110111101111011101111010111111101111111110111110
010011111001111001101110110011111111011100011011101011110101010011110001111111001111
111111111111111111111111111111111011111111111111111111111111101111111111111111111111
111111110111111111111111111111011111111111110101111111011111111111111111101111111111
000001000000111000001000000001000100000000000000000000010000010000000000000000000000
111111111111101111111111111110111111111111111111111111111111111111111111111111111111
111111111111111110111111111111111111111111101111011111111111111111111111111111111111
110011111001111101111110110011111111011111111111101111110101111111111111111111111111
000001011000111000001010000011100101000000001010000001110000010000000000010110000000
000000000000000000000000000000000000000001000100000000000000000000000000000000000000
000001000000001000000000000000000000000000000000000000000000000000000000000000000000
010000100000000000000000100000010000000000000000001000000000000000000001000000000100
111111111111111111111111111111111111111110111011111111111111111111111101111111011111
111101111110111110111011101111111101110111101110011101111010111101101111111110110110
000000000000000000000000000000000000000001000100000000000000000000000110000000100000
111111101111111111111111111111111111111111111111111110111111111111111111111111111111
000000000000000001000000000000000000000000000000100000000000000000000000000000000000
010011111001111001101110110011111111011100011011101011110101010010110001111111001111
111111111111111111111111111111110111111111111111111111111111111111111111110111111111
101101011110111110011011001111100101100011101110010101111010111101001110010110110010
111111111101111111111111111011111111011111111111101111110111111111111111111111111111
000000000001000000000000000000000010000000000000000010000000000000000000000000000000
100001100000111000000111010100001110000000001111111110100110110011000011000101110011
010011111001111001101110110011111111011110011011101111110101010111110001111111011111
111111111111111111111111111111111111111101111111111011111111111111111111111111111111
101111111111111111111111111111101111111111111111110111111111111111111110111111111011
110011111011111101111111110111111111111111111111111111111111111111111111111111111111
000000000000100000001000000000000100000000000000000000010000010000000000000000000000
010011111001111001101110110011111111011110011011101111110101111111110001111111011111
111111111111111111111111111111011111111111110101111111111111111111111111111111111111
010000100000000000000000100000010000000000000000001000000000000000100001000000000100
000000000000000000000100010000000000000000000000000000000000000000000000000001000001
111101111110111111111111111111111101111111111111111101111011111111101111111111111111
101100000110000110010001001100000000100001100100010000001010101000001110000000110000
