10979.7379441
134.921887035
235.969567035
265.962377035
292.991027035
364.028137035
413.030787035
478.071067035
526.114847035
606.166027035
682.215957035
769.229357035
783.263637035
854.300747035
916.297767035
967.384807035
1019.30695703
1080.46886703
1090.34406703
1209.51145703
1227.40297703
1322.59551703
1390.46630703
1425.60470703
1493.47549703
1496.64181703
1659.70514703
1679.55480703
1758.77355703
1766.58683703
1889.81404703
1897.62732703
2028.66781703
2052.87737703
2125.72057703
2215.94070703
2262.77948703
2316.98838703
2388.02549703
2393.81997703
2502.06842703
2507.86290703
2633.10891703
2635.92148703
2730.16167703
2822.00079703
2861.20216703
2958.25492703
2985.06412703
3061.26411703
3084.13253703
3215.17302703
3247.34342703
3360.42748703
3378.23635703
3489.47007703
3493.26329703
3604.49701703
3607.30622703
3718.53994703
3720.39028703
3815.59270703
3833.47434703
3943.68766703
3947.51727703
4004.53873703
4099.78877703
4117.62279703
4202.79796703
4264.69120703
4358.89907703
4377.77526703
4471.98313703
4491.81819703
4588.87095703
4601.02572703
4701.95501703
4732.06621703
4803.00269703
4835.07540703
4916.08675703
4949.11833703
5015.15516703
5078.16092703
5086.19227703
5200.23520703
5209.20141703
5314.27813703
5338.24400703
5415.32581703
5451.32806703
5528.40987703
5564.41212703
5641.49393703
5665.45980703
5770.53652703
5779.50273703
5893.54566703
5901.57701703
5964.58277703
6030.61960703
6063.65118703
6144.66253703
6176.73524703
6247.67172703
6277.78292703
6378.71221703
6390.86698703
6487.91974703
6507.75480703
6601.96267703
6620.83886703
6715.04673703
6776.93997703
6862.11514703
6879.94916703
6975.19920703
7032.22066703
7036.05027703
7146.26359703
7164.14523703
7259.34765703
7261.19799703
7372.43171703
7375.24092703
7486.47464703
7490.26786703
7601.50158703
7619.31045703
7732.39451703
7764.56491703
7895.60540703
7918.47382703
7994.67381703
8021.48301703
8118.53577703
8157.73714703
8249.57626703
8343.81645703
8346.62902703
8471.87503703
8477.66951703
8585.91796703
8591.71244703
8662.74955703
8716.95845703
8763.79723703
8854.01736703
8926.86056703
8951.07012703
9082.11061703
9089.92389703
9213.15110703
9220.96438703
9300.18313703
9320.03279703
9483.09612703
9486.26244703
9554.13323703
9589.27163703
9657.14242703
9752.33496703
9770.22648703
9889.39387703
9899.26907703
9960.43098703
10012.353137
10063.440177
10125.437197
10196.474307
10210.508587
10297.521987
10373.571917
10453.623097
10501.666877
10566.707157
10615.709807
10686.746917
10713.775567
10743.768377
10844.816057
