16

350 1637
326 296
2 223
169 64
48 156
218 116
285 264
216 49
269 25
83 323
303 275
38 228
63 228
341 61
200 9
284 211
140 104
336 157
266 111
142 288
236 75
201 255
221 228
204 156
120 9
288 79
209 248
177 280
78 109
93 144
166 179
99 108
262 200
63 114
73 92
222 106
298 65
337 26
194 110
197 227
182 345
77 88
244 347
251 208
87 3
3 112
80 280
254 309
8 212
118 18
218 240
78 171
190 122
15 154
53 339
233 138
262 299
28 23
247 157
287 305
326 217
20 326
261 60
2 82
126 84
111 159
185 212
278 23
134 317
65 23
106 137
15 123
226 245
209 75
10 12
305 181
235 97
290 268
36 291
126 277
53 27
309 129
37 268
25 332
158 200
121 251
308 79
154 155
179 145
91 51
295 133
45 19
69 322
220 31
82 269
287 300
346 30
80 78
265 44
129 311
201 133
195 325
42 41
300 276
211 348
50 89
216 348
197 262
163 193
294 329
338 239
124 150
197 201
218 334
88 163
235 84
253 301
278 64
209 207
305 297
200 65
110 121
100 235
140 48
269 201
272 248
343 15
247 81
180 30
77 103
318 275
101 97
158 248
234 73
60 16
83 94
121 151
92 272
257 304
317 299
262 35
102 153
342 285
206 139
303 217
168 9
134 340
210 201
163 270
335 20
162 23
271 166
2 83
248 21
151 104
228 155
322 269
54 267
75 79
172 117
101 297
266 267
198 267
294 214
81 181
335 29
51 23
272 237
57 247
77 129
78 234
34 84
35 94
185 224
79 317
114 339
61 227
121 72
178 1
258 71
59 270
24 209
194 330
325 79
189 242
207 47
62 301
246 30
302 284
306 300
108 27
56 81
78 237
119 78
249 155
327 125
232 290
164 251
166 148
47 302
340 292
146 279
55 318
149 181
61 19
11 188
31 250
347 100
56 45
14 266
105 331
90 177
218 106
238 105
40 16
114 11
29 82
109 260
28 111
69 60
142 343
218 140
148 122
174 231
14 216
169 292
212 142
272 43
102 341
323 274
179 57
239 211
22 10
193 149
266 101
33 342
343 113
203 201
278 302
62 28
135 190
230 120
113 36
51 312
134 199
155 283
157 126
107 73
150 71
184 147
250 6
197 104
75 241
224 218
178 263
203 277
303 283
181 192
148 322
60 105
43 227
253 163
145 218
188 133
81 342
282 2
199 258
77 87
297 193
306 17
110 225
283 259
288 293
18 297
114 259
318 12
19 113
130 180
102 88
232 135
144 179
324 320
228 83
236 344
53 177
28 135
202 158
129 150
106 143
31 283
330 58
316 121
348 206
302 188
283 170
164 52
173 322
48 106
200 181
75 342
2 42
326 290
158 114
107 339
129 341
131 44
25 100
247 253
181 36
146 6
111 167
149 11
120 149
206 71
151 279
319 300
11 264
131 21
187 80
63 184
212 191
153 322
277 10
123 227
160 284
57 209
13 90
81 224
155 19
345 206
101 126
339 274
15 249
110 132
348 220
210 221
236 247
100 9
15 32
328 298
219 198
232 347
160 76
144 347
96 36
261 247
28 115
87 165
309 155
338 231
214 40
52 179
38 271
226 39
18 254
180 31
207 317
281 238
29 270
99 86
170 186
81 186
13 310
5 12
322 128
178 189
108 49
60 185
280 255
139 241
15 281
111 192
226 256
292 107
186 47
261 10
329 343
83 215
250 179
305 113
252 344
25 82
339 302
331 216
61 346
301 331
268 20
310 236
44 56
211 34
217 258
224 151
23 53
27 331
137 324
304 174
72 218
307 350
328 36
129 53
81 173
302 285
106 191
164 262
292 232
40 321
342 295
203 178
187 131
79 145
75 124
67 326
140 125
303 271
343 211
62 226
325 175
249 330
238 217
176 245
180 82
172 308
44 254
262 333
265 178
285 47
17 292
217 33
188 240
263 173
176 267
120 289
236 63
146 262
153 200
153 259
265 108
216 51
198 135
297 214
137 170
198 22
258 219
59 99
189 134
279 179
283 193
86 246
141 174
2 212
241 308
234 278
73 89
54 85
74 226
66 40
339 250
123 185
178 251
252 259
108 120
127 300
311 96
41 177
308 194
119 45
29 325
286 294
324 253
20 195
41 271
222 131
210 4
321 15
289 38
143 135
93 238
24 320
261 200
124 126
325 43
183 328
313 281
243 229
117 137
83 25
263 304
342 156
300 238
101 80
12 186
214 273
125 287
76 274
245 43
65 106
14 93
253 187
326 228
31 91
206 115
317 52
234 280
293 59
133 119
21 279
318 331
304 224
235 68
40 101
349 336
281 176
196 37
142 25
146 164
311 169
39 100
99 156
267 271
196 180
147 63
20 311
153 287
202 238
296 103
63 181
174 233
216 329
309 21
227 75
248 271
138 274
105 272
72 18
188 147
51 38
149 227
81 245
299 257
338 147
245 149
217 57
164 173
20 231
334 14
194 174
288 220
2 34
27 322
335 218
338 138
191 316
266 8
51 92
4 302
245 158
278 180
336 75
281 139
98 291
219 192
347 270
206 261
154 311
157 266
268 275
138 201
157 187
267 16
214 308
35 12
109 101
47 262
159 151
201 82
313 214
116 208
315 348
331 285
249 244
122 106
126 231
305 222
90 201
290 279
349 194
315 261
189 206
281 149
211 161
272 107
215 149
217 302
129 202
331 274
151 231
262 315
155 145
17 144
18 16
36 27
291 277
8 338
246 11
77 141
170 74
227 183
107 311
36 249
275 342
233 237
65 43
253 242
331 34
284 271
329 24
81 261
139 267
30 245
220 214
94 86
84 200
68 258
39 206
314 315
104 268
217 103
199 83
110 161
42 154
152 257
209 182
282 102
308 140
240 31
142 320
220 282
346 160
291 42
57 287
22 334
144 243
68 143
180 70
187 250
8 156
199 57
220 164
312 61
77 184
98 31
27 25
321 177
67 126
141 49
198 34
244 81
46 150
307 243
74 103
256 334
45 241
46 1
148 204
196 99
4 192
6 297
338 61
55 226
261 314
338 82
13 31
179 203
307 318
254 70
166 50
89 7
110 186
22 134
249 94
102 336
142 170
140 219
291 310
133 18
320 236
1 266
77 43
331 300
250 212
89 159
52 21
204 248
171 58
191 55
142 41
292 32
26 212
194 341
288 274
270 301
53 163
164 122
151 161
99 240
126 172
330 4
275 198
226 213
37 155
279 178
251 180
255 211
57 56
332 198
8 41
7 19
65 8
239 218
207 13
180 33
290 116
131 50
304 243
103 253
255 75
202 69
41 193
282 221
326 281
313 175
315 12
33 209
126 222
264 67
266 118
157 221
54 335
349 342
42 216
136 29
247 346
321 7
87 141
254 205
294 297
208 42
44 123
317 51
339 26
308 125
74 344
93 82
173 223
324 298
281 6
137 220
102 94
86 169
162 259
328 231
226 337
330 275
302 141
12 75
53 135
316 305
156 176
251 114
163 94
113 117
155 328
211 330
332 155
44 218
213 35
234 248
90 20
158 171
225 145
134 126
157 311
196 195
54 161
349 304
302 197
199 120
11 24
124 44
24 349
285 330
327 12
255 310
127 200
77 121
25 115
79 160
299 195
185 331
37 161
330 189
243 286
315 110
322 155
91 210
62 3
231 124
98 282
236 9
149 244
175 222
260 120
54 179
228 226
103 279
214 309
311 287
46 216
105 266
51 143
345 315
145 182
168 166
50 182
263 261
49 116
130 145
23 19
17 158
290 276
129 47
149 36
61 333
247 268
58 209
96 260
295 220
334 329
134 90
173 53
56 39
259 65
288 138
115 203
37 301
275 46
245 315
250 182
252 323
127 236
38 194
204 273
280 193
193 107
319 32
263 82
122 162
329 31
3 218
15 295
47 86
177 211
148 97
313 345
98 10
176 346
195 70
273 29
324 149
91 105
93 261
276 336
283 341
141 143
35 43
177 270
126 294
334 228
134 257
31 332
246 181
195 79
221 329
114 133
43 131
309 76
112 312
294 272
22 245
336 181
56 84
60 209
197 344
269 123
82 85
121 86
68 128
73 219
145 326
2 201
172 102
284 277
70 248
224 200
13 141
55 253
275 187
293 291
131 111
97 280
26 347
136 98
211 221
303 254
254 214
312 238
348 143
80 122
232 69
72 89
241 137
97 55
150 59
88 121
75 270
330 26
66 71
80 311
247 181
307 192
241 305
334 81
327 146
249 194
86 42
58 341
239 77
167 218
297 212
100 261
65 336
152 156
329 203
259 144
283 310
288 187
186 96
249 346
188 307
334 203
227 271
263 309
196 232
75 316
189 300
111 253
332 254
116 307
264 187
175 79
68 11
271 109
146 344
117 151
27 76
320 242
138 89
124 290
330 55
83 341
304 235
168 53
203 248
248 259
283 260
92 249
330 233
168 196
27 212
270 263
145 97
3 274
130 179
277 192
15 299
24 289
71 249
247 153
67 216
218 84
23 215
244 299
350 45
207 27
320 192
184 58
25 96
63 183
102 86
184 169
116 86
261 144
320 313
294 344
43 88
81 301
100 31
197 159
20 312
316 156
262 265
106 245
181 176
42 35
133 136
210 87
343 337
253 286
127 83
101 271
247 288
68 216
145 270
76 136
21 78
333 311
154 116
248 135
29 30
267 319
87 264
327 281
320 222
266 54
147 265
116 53
347 222
63 10
46 214
278 37
193 168
318 138
325 234
133 105
134 105
47 34
200 309
90 204
182 163
111 182
332 140
132 38
158 285
255 342
295 337
260 309
27 137
12 104
290 51
167 166
150 250
8 309
179 300
338 120
271 196
19 151
331 89
11 324
178 25
324 200
72 161
112 285
186 169
73 134
164 43
314 213
98 134
45 291
168 317
277 133
319 213
160 215
235 263
336 5
25 69
9 259
233 234
108 260
301 342
230 137
268 97
128 302
349 74
297 124
84 348
286 30
195 64
31 147
253 330
39 211
81 89
31 264
307 158
320 275
121 51
339 100
76 171
132 341
176 204
59 210
27 13
234 20
342 221
113 59
3 36
249 126
289 13
162 245
30 305
61 343
210 188
194 130
142 215
166 233
297 110
106 268
185 302
59 235
61 142
85 205
12 227
106 194
344 329
201 174
280 208
134 223
103 307
72 221
327 17
312 91
210 183
52 227
274 109
190 81
262 8
139 136
12 154
16 264
169 318
299 21
8 54
230 181
169 5
207 48
64 290
40 331
342 317
220 44
260 61
280 222
9 288
300 148
265 142
88 145
109 186
186 95
23 270
133 346
10 257
158 338
58 21
7 172
46 121
339 241
108 5
107 199
161 312
276 162
200 7
183 198
146 206
132 304
188 309
227 265
164 318
8 82
41 77
140 263
324 241
112 214
332 318
245 38
305 228
288 188
105 307
330 228
101 262
239 228
166 268
60 263
50 301
127 297
204 153
100 269
119 46
178 73
325 321
165 258
258 282
50 15
208 53
11 79
267 274
290 26
26 87
27 79
237 71
40 295
135 168
307 169
258 168
95 169
66 279
319 123
140 132
328 113
164 2
315 349
117 238
282 85
195 310
274 187
3 277
78 172
27 68
155 11
178 232
81 144
338 47
85 252
32 87
53 20
328 120
48 308
288 304
239 78
147 64
153 284
175 205
298 3
65 307
204 11
63 7
326 213
325 109
340 164
196 190
292 220
10 166
33 271
254 10
203 309
133 247
273 154
230 19
217 62
92 80
242 14
22 271
232 8
90 106
18 295
201 54
222 75
108 237
245 293
206 176
290 256
21 229
261 129
63 53
292 115
267 250
98 100
102 233
91 15
204 179
341 6
21 238
97 149
116 172
266 272
87 168
253 85
146 135
209 346
254 63
6 156
209 32
338 123
16 310
289 307
91 4
258 239
107 132
36 325
184 326
276 308
18 308
281 154
340 262
237 319
166 197
266 81
32 249
38 259
319 212
14 296
110 299
23 42
155 303
66 158
108 210
259 208
278 92
171 131
267 225
184 118
317 209
96 221
204 216
295 164
81 88
305 205
129 63
42 158
315 276
258 3
194 147
156 332
287 156
208 318
262 31
68 269
250 343
121 74
35 45
349 42
223 90
9 157
284 257
197 118
224 316
169 26
5 233
16 72
164 283
172 144
83 224
46 146
326 313
8 48
335 112
35 228
331 162
250 94
329 325
38 303
154 213
101 63
193 310
146 59
277 9
48 94
339 122
266 294
204 30
153 309
342 116
35 226
195 63
327 113
186 294
151 114
301 236
73 277
22 133
170 335
189 225
27 202
116 343
58 35
137 274
341 77
306 97
179 213
109 33
347 225
82 69
119 181
165 224
150 65
49 229
197 106
332 89
100 327
244 320
100 205
13 189
197 251
310 266
150 163
81 37
227 194
341 86
109 26
239 257
77 49
264 39
139 15
109 171
57 61
114 54
7 12
249 344
50 228
235 160
327 133
312 109
166 269
207 14
321 225
47 122
346 283
320 108
34 150
342 327
142 96
39 157
132 94
284 177
71 91
129 110
131 286
12 80
56 319
294 132
304 286
286 87
35 158
184 46
242 348
6 86
198 4
274 99
299 105
200 61
91 203
116 241
46 43
32 283
233 59
269 173
222 87
174 207
195 115
58 153
81 8
230 102
90 246
183 180
187 266
69 226
109 331
57 80
221 39
4 6
44 109
7 123
156 284
285 160
196 176
168 348
152 54
61 68
264 314
47 17
184 60
20 117
212 71
90 241
22 192
61 294
9 333
65 120
51 189
181 87
350 139
266 186
49 39
238 342
294 169
27 85
326 191
175 213
158 228
133 246
100 290
228 255
305 175
343 158
282 60
212 189
14 58
57 98
239 147
224 259
156 274
309 321
81 226
136 222
173 199
342 188
127 245
19 139
17 161
280 279
118 326
222 226
60 331
315 181
27 178
120 272
267 310
269 209
335 175
287 72
223 208
226 129
306 41
146 117
39 183
205 139
208 113
337 328
68 200
311 137
168 169
344 9
86 205
82 226
228 338
321 208
271 70
217 18
222 141
23 44
201 190
125 305
17 147
37 336
313 114
190 257
233 112
295 328
94 104
187 13
78 155
297 245
179 234
162 142
109 74
130 314
276 250
341 23
242 51
49 315
157 58
33 116
111 311
22 86
216 78
73 30
133 66
313 249
291 32
42 12
81 95
134 227
102 98
92 12
114 225
303 84
167 254
31 77
268 233
195 75
141 59
36 236
103 308
144 240
164 243
76 333
264 148
33 6
325 64
207 44
77 187
118 269
217 108
75 122
115 278
118 188
85 45
218 21
168 140
238 101
237 104
94 68
225 222
30 122
196 329
234 4
25 141
280 147
114 187
260 48
319 88
286 333
11 37
331 346
243 12
340 228
70 270
57 336
245 284
138 51
346 190

257 170
61 173
173 6
34 174
174 7
154 175
175 142
152 176
176 55
70 177
177 125
49 178
178 42
78 179
179 68
43 180
180 34
62 181
181 102
40 182
182 169
97 183
183 133
58 184
184 5
27 185
185 17
6 186
186 87
6 187
187 24
146 188
188 41
51 189
189 140
19 190
190 55
88 191
191 100
161 192
192 30
55 193
193 39
68 194
194 11
131 195
195 163
1 196
196 130
124 197
197 57
115 198
198 169
69 199
199 44
85 200
200 128
156 201
201 75
85 202
202 89
158 203
203 7
142 204
204 146
139 205
205 67
55 206
206 103
171 207
207 23
2 208
208 13
108 209
209 36
5 210
210 122
120 211
211 92
110 212
212 117
143 213
213 77
50 214
214 170
80 215
215 141
82 216
216 84
57 217
217 48
103 218
218 117
88 219
219 92
165 220
220 166
121 221
221 24
55 222
222 61
110 223
223 109
4 224
224 144
29 225
225 118
2 226
226 160
118 227
227 41
39 228
228 119
158 229
229 164
114 230
230 104
156 231
231 68
61 232
232 107
136 233
233 69
102 234
234 16
72 235
235 36
129 236
236 53
20 237
237 23
32 238
238 72
17 239
239 92
67 240
240 45
156 241
241 106
155 242
242 42
135 243
243 141
39 244
244 30
102 245
245 21
137 246
246 151
71 247
247 68
53 248
248 132
57 249
249 14
104 250
250 71
84 251
251 168
15 252
252 8
27 253
253 162
91 254
254 169
34 255
255 59
35 256
256 59
134 257
257 48

287 180
177 198
198 137
174 199
199 82
11 200
200 28
144 201
201 55
173 202
202 57
158 203
203 104
47 204
204 93
3 205
205 51
153 206
206 53
94 207
207 88
116 208
208 123
25 209
209 139
102 210
210 71
20 211
211 53
148 212
212 129
145 213
213 1
153 214
214 118
2 215
215 17
126 216
216 131
150 217
217 189
193 218
218 125
106 219
219 92
171 220
220 9
4 221
221 51
49 222
222 125
159 223
223 165
19 224
224 59
10 225
225 57
91 226
226 141
160 227
227 155
7 228
228 15
14 229
229 109
186 230
230 68
78 231
231 21
93 232
232 40
136 233
233 33
154 234
234 138
15 235
235 10
144 236
236 33
60 237
237 173
61 238
238 59
97 239
239 59
165 240
240 83
132 241
241 131
144 242
242 46
140 243
243 129
163 244
244 84
44 245
245 191
153 246
246 129
92 247
247 160
102 248
248 189
173 249
249 176
158 250
250 41
73 251
251 78
16 252
252 30
125 253
253 43
91 254
254 196
108 255
255 169
145 256
256 4
92 257
257 170
146 258
258 14
126 259
259 177
121 260
260 155
84 261
261 40
33 262
262 42
97 263
263 144
43 264
264 105
92 265
265 86
61 266
266 171
16 267
267 24
46 268
268 189
68 269
269 64
156 270
270 5
136 271
271 179
102 272
272 88
92 273
273 91
124 274
274 121
53 275
275 110
53 276
276 80
45 277
277 184
88 278
278 92
71 279
279 148
32 280
280 184
44 281
281 153
96 282
282 113
156 283
283 15
96 284
284 63
60 285
285 45
93 286
286 57
59 287
287 93

258 154
117 182
182 89
84 183
183 150
8 184
184 44
6 185
185 75
102 186
186 174
178 187
187 142
43 188
188 131
58 189
189 41
178 190
190 132
27 191
191 176
108 192
192 50
84 193
193 124
104 194
194 82
36 195
195 131
69 196
196 59
42 197
197 10
154 198
198 16
111 199
199 46
24 200
200 42
131 201
201 142
148 202
202 48
173 203
203 150
78 204
204 91
108 205
205 47
13 206
206 87
57 207
207 66
90 208
208 129
68 209
209 72
119 210
210 72
37 211
211 13
111 212
212 124
3 213
213 124
157 214
214 109
12 215
215 176
5 216
216 58
162 217
217 5
10 218
218 150
24 219
219 85
130 220
220 68
48 221
221 154
142 222
222 48
25 223
223 95
120 224
224 113
66 225
225 107
10 226
226 141
71 227
227 56
12 228
228 38
120 229
229 47
18 230
230 167
1 231
231 147
39 232
232 176
87 233
233 34
15 234
234 114
63 235
235 25
68 236
236 117
178 237
237 117
46 238
238 98
17 239
239 77
147 240
240 104
114 241
241 128
4 242
242 99
1 243
243 140
111 244
244 139
84 245
245 160
100 246
246 18
127 247
247 101
23 248
248 104
165 249
249 24
146 250
250 20
59 251
251 132
77 252
252 29
8 253
253 39
17 254
254 26
160 255
255 136
161 256
256 116
1 257
257 60
37 258
258 131

276 164
176 195
195 102
37 196
196 86
114 197
197 110
171 198
198 100
68 199
199 166
18 200
200 112
81 201
201 107
66 202
202 171
34 203
203 52
85 204
204 168
92 205
205 53
171 206
206 183
125 207
207 183
142 208
208 79
83 209
209 89
16 210
210 175
188 211
211 166
50 212
212 95
24 213
213 22
108 214
214 28
56 215
215 149
63 216
216 31
167 217
217 98
58 218
218 178
108 219
219 149
63 220
220 23
136 221
221 183
91 222
222 181
9 223
223 194
41 224
224 53
73 225
225 167
86 226
226 122
180 227
227 107
39 228
228 36
121 229
229 3
1 230
230 72
107 231
231 97
32 232
232 138
159 233
233 126
85 234
234 7
14 235
235 72
168 236
236 175
21 237
237 19
161 238
238 130
191 239
239 69
26 240
240 116
155 241
241 110
130 242
242 112
140 243
243 173
20 244
244 159
87 245
245 136
83 246
246 37
124 247
247 66
35 248
248 82
161 249
249 115
59 250
250 171
115 251
251 39
95 252
252 65
98 253
253 56
79 254
254 94
53 255
255 57
193 256
256 56
35 257
257 17
61 258
258 192
103 259
259 122
56 260
260 103
136 261
261 30
149 262
262 22
168 263
263 182
46 264
264 10
91 265
265 25
172 266
266 51
107 267
267 83
79 268
268 11
192 269
269 160
60 270
270 147
48 271
271 138
144 272
272 126
21 273
273 145
72 274
274 4
93 275
275 21
44 276
276 71

266 180
102 177
177 166
169 178
178 40
113 179
179 11
82 180
180 39
5 181
181 57
68 182
182 25
106 183
183 55
153 184
184 151
1 185
185 117
86 186
186 5
108 187
187 69
169 188
188 80
149 189
189 159
76 190
190 43
17 191
191 142
95 192
192 174
37 193
193 158
82 194
194 66
164 195
195 172
116 196
196 58
114 197
197 163
116 198
198 131
151 199
199 75
163 200
200 30
68 201
201 57
123 202
202 25
81 203
203 62
107 204
204 120
169 205
205 112
176 206
206 6
111 207
207 84
96 208
208 78
166 209
209 94
171 210
210 151
56 211
211 66
176 212
212 152
45 213
213 74
35 214
214 69
135 215
215 67
108 216
216 19
115 217
217 5
148 218
218 90
66 219
219 38
109 220
220 57
164 221
221 16
98 222
222 32
82 223
223 166
77 224
224 29
144 225
225 49
91 226
226 121
123 227
227 156
10 228
228 105
12 229
229 141
93 230
230 10
16 231
231 70
82 232
232 46
146 233
233 137
121 234
234 130
41 235
235 166
38 236
236 46
161 237
237 151
158 238
238 140
55 239
239 28
80 240
240 30
106 241
241 18
54 242
242 136
5 243
243 32
89 244
244 162
4 245
245 70
32 246
246 148
5 247
247 11
99 248
248 158
91 249
249 171
136 250
250 60
86 251
251 1
32 252
252 125
174 253
253 150
69 254
254 159
154 255
255 125
71 256
256 7
143 257
257 135
152 258
258 86
6 259
259 154
83 260
260 36
165 261
261 168
13 262
262 1
61 263
263 158
15 264
264 64
34 265
265 45
106 266
266 154

359 1969
34 294
329 175
95 101
353 49
47 134
139 97
192 167
34 153
195 135
143 36
309 273
348 313
222 120
6 211
73 35
57 345
4 346
44 356
233 293
130 272
171 62
299 5
321 48
85 87
307 197
56 323
116 296
282 70
49 228
195 325
214 227
36 41
350 52
167 81
244 148
103 115
196 279
52 59
6 101
85 239
234 113
220 60
41 265
204 243
63 237
105 319
69 246
219 291
171 68
231 38
224 208
257 355
119 187
358 175
323 91
125 219
143 91
58 347
167 353
206 339
228 196
18 211
309 5
114 223
297 339
66 282
47 347
251 321
215 3
352 301
207 97
172 69
98 328
202 150
274 267
243 232
268 186
179 186
223 31
221 267
311 116
164 189
207 133
224 53
214 133
325 111
293 85
42 282
330 34
177 143
97 80
218 348
348 333
340 7
106 347
54 171
311 77
5 72
123 199
199 134
309 184
334 176
67 279
160 269
328 308
317 185
195 123
269 205
347 84
311 74
225 269
207 350
339 261
305 181
72 349
40 81
325 259
59 204
80 87
190 156
175 103
133 100
102 253
358 75
286 73
252 272
35 180
280 226
119 12
288 98
239 301
161 18
313 207
206 73
105 90
268 207
45 223
144 69
309 320
256 116
45 326
18 159
182 316
58 262
314 281
44 309
119 5
284 126
303 194
17 160
127 69
201 278
85 67
273 70
275 31
21 84
242 150
333 226
122 253
358 234
22 61
315 37
161 176
280 240
101 197
301 155
212 133
17 342
94 324
168 27
171 6
28 114
146 133
148 225
258 52
135 255
160 297
343 70
289 265
206 273
158 290
11 232
298 161
337 311
65 170
228 290
251 131
347 293
30 306
140 88
312 183
348 320
137 12
104 185
140 47
255 297
208 322
339 185
163 103
128 3
114 289
80 337
264 24
306 25
341 22
25 251
122 167
164 93
101 177
346 296
314 330
231 297
106 223
32 47
277 252
151 104
88 184
217 97
143 265
240 142
190 219
264 238
104 24
67 172
14 30
325 70
326 348
3 222
132 336
61 1
192 261
267 341
86 11
57 247
153 158
338 98
304 222
259 179
189 355
165 202
260 210
9 131
70 130
109 274
99 260
359 86
174 156
351 53
128 121
256 46
281 90
231 351
42 255
193 121
156 107
146 81
170 347
67 154
310 249
179 88
108 18
273 227
154 211
176 332
268 290
298 140
179 78
271 339
75 114
39 72
194 147
30 277
81 355
48 47
50 319
273 228
279 74
164 154
281 213
121 99
122 268
86 254
87 228
127 29
310 88
70 247
143 39
213 303
125 200
184 27
316 351
153 122
160 4
342 252
222 326
297 352
217 70
326 245
83 171
313 160
11 82
175 69
218 239
238 234
276 261
346 286
271 136
221 312
187 63
300 246
254 117
105 349
256 185
134 190
246 339
321 8
51 163
325 155
356 96
292 262
25 170
300 20
251 312
328 12
80 251
153 270
30 196
17 49
237 75
113 69
357 153
63 339
247 22
252 195
92 79
224 63
46 183
40 12
116 244
105 125
34 65
200 135
293 60
8 212
99 302
344 252
94 40
242 346
257 243
91 92
19 222
348 248
26 187
301 259
303 158
305 267
70 64
101 353
141 299
53 185
310 354
137 118
177 31
287 86
53 298
225 267
100 318
229 158
158 154
142 112
327 76
186 150
355 159
90 103
310 63
261 36
52 223
71 216
210 274
103 150
251 9
341 306
107 339
1 354
239 109
108 293
290 269
187 261
261 156
82 30
356 30
211 318
251 343
169 200
152 325
287 183
290 34
315 22
245 238
190 108
14 339
74 218
278 196
137 318
112 236
3 111
205 151
337 348
48 137
359 56
288 210
109 134
1 5
57 96
22 72
353 103
34 199
200 163
4 133
243 199
262 63
83 59
86 68
288 11
346 196
201 132
117 131
303 205
179 339
144 356
181 54
68 129
189 252
194 163
357 341
305 311
221 48
209 50
32 238
131 242
333 114
119 108
163 120
56 30
348 36
277 224
244 117
49 65
255 205
12 290
324 92
77 260
191 219
300 244
128 158
340 288
257 318
97 116
280 73
169 191
314 296
23 46
300 190
86 193
50 330
113 229
95 29
254 119
303 64
44 74
50 353
70 297
296 161
43 258
245 194
104 201
105 221
225 19
281 247
39 131
313 121
173 263
263 80
212 211
47 339
219 188
2 145
114 119
316 196
101 176
122 72
29 254
12 26
39 94
184 121
239 38
295 208
73 204
353 186
280 198
267 37
215 279
253 140
294 306
346 75
169 344
23 173
76 124
128 313
235 261
318 225
83 111
193 136
78 221
58 236
186 260
10 75
212 3
68 264
344 187
278 38
166 3
46 142
288 157
35 46
159 41
133 38
182 50
238 207
258 25
244 178
119 216
102 304
323 120
267 14
55 337
159 88
180 243
257 192
54 282
239 351
234 317
111 332
232 278
105 40
58 325
149 293
134 59
137 184
174 279
342 227
259 160
66 308
230 222
214 356
287 342
177 307
72 87
308 152
41 54
251 94
73 56
275 190
99 131
354 349
212 24
88 230
106 46
102 12
280 34
330 254
351 306
216 101
326 86
69 147
115 32
153 259
10 156
174 182
285 303
70 263
308 22
273 220
259 1
268 246
341 74
342 328
226 346
45 76
301 226
47 343
114 58
187 336
210 156
215 237
239 219
2 206
172 224
355 320
287 122
235 317
21 261
132 195
335 307
178 74
92 113
227 84
306 230
23 199
359 111
141 312
235 165
78 166
355 329
330 265
106 343
105 75
183 50
40 292
42 72
152 83
226 230
80 70
358 60
306 14
109 16
185 13
24 141
264 209
268 86
14 93
109 161
111 248
249 358
219 342
152 43
334 215
310 283
335 257
163 39
241 334
343 310
164 88
93 224
314 40
43 97
101 352
342 63
267 354
145 100
347 32
222 90
353 281
99 237
321 240
36 215
220 148
243 352
252 210
17 179
312 295
331 8
63 26
212 170
268 68
42 259
272 158
256 120
276 107
353 274
279 14
31 259
183 25
241 50
277 212
245 149
282 129
27 167
202 46
22 199
32 98
312 157
330 260
313 196
170 199
72 104
18 275
56 162
97 96
279 7
179 147
270 133
147 263
221 276
109 231
220 25
313 92
22 259
62 130
120 157
193 57
11 30
324 111
91 211
116 284
335 50
318 94
178 145
342 270
259 80
155 131
162 294
257 26
23 136
104 62
126 261
358 317
234 359
200 171
15 175
5 25
280 67
142 77
307 325
294 82
336 57
337 333
231 226
124 56
53 116
221 8
134 287
83 91
174 134
13 316
141 327
35 220
76 10
224 131
297 134
61 101
343 49
254 35
276 254
12 331
355 103
168 4
24 254
99 89
66 329
254 328
115 30
210 351
283 63
123 137
214 32
141 320
240 112
96 282
281 69
88 4
125 129
329 318
276 133
187 127
137 345
46 310
98 23
307 339
183 235
331 34
85 31
68 57
287 258
326 347
219 354
93 47
95 170
263 351
176 202
213 187
61 119
83 214
177 45
16 280
35 91
222 186
156 23
302 242
32 45
107 118
57 27
148 265
166 152
68 32
143 205
1 121
166 235
170 173
305 24
274 255
57 245
60 217
245 211
71 315
193 119
124 271
39 274
229 282
100 203
230 45
164 254
9 129
122 183
302 100
236 211
241 152
96 176
151 154
210 328
48 51
301 101
342 292
247 267
87 208
325 165
145 327
238 100
224 344
332 217
249 320
281 199
111 335
18 347
130 215
353 339
154 356
84 229
51 289
59 84
225 332
355 119
157 106
285 85
243 96
282 115
11 38
123 352
16 1
219 155
100 219
160 325
199 273
222 7
261 291
64 342
246 153
344 145
198 28
91 114
1 187
37 146
84 83
231 220
31 109
159 261
217 236
73 87
164 122
330 334
115 35
347 116
133 172
82 174
306 29
89 347
352 232
82 65
319 75
249 191
297 60
135 94
283 113
103 31
275 94
297 77
117 143
100 99
111 283
216 59
275 207
4 252
62 5
10 23
263 331
322 206
258 284
78 264
34 311
3 157
51 268
335 80
233 77
6 237
94 148
190 118
138 88
31 216
342 157
320 96
51 317
89 242
168 52
64 101
253 186
241 293
315 347
323 15
305 353
358 160
143 60
271 107
28 100
13 171
328 152
274 204
241 7
167 283
316 124
246 304
287 292
106 21
211 172
42 195
249 48
139 49
44 143
100 23
34 184
217 200
56 149
133 156
169 109
64 282
320 207
158 9
52 65
181 168
256 17
317 355
155 328
318 132
3 99
167 90
217 160
143 328
320 71
258 47
359 149
347 56
303 328
33 188
222 137
181 34
349 246
95 59
287 288
72 26
221 60
285 181
142 155
220 289
38 280
243 192
136 219
186 86
275 240
244 97
178 102
290 258
256 291
337 338
339 73
14 62
142 243
166 213
99 178
264 86
289 331
255 319
55 178
238 150
152 8
244 249
299 171
94 215
114 68
136 81
65 256
302 215
289 98
162 208
74 94
206 36
190 290
278 251
35 329
145 182
146 316
76 189
332 23
348 263
122 248
195 281
268 193
159 295
108 59
145 71
129 269
313 326
280 68
40 186
167 308
234 77
168 30
81 323
118 349
352 142
28 77
358 346
219 160
207 84
34 317
231 114
152 256
21 316
60 188
206 135
151 87
192 108
198 86
19 266
67 163
272 99
309 311
95 172
25 301
298 117
281 270
338 220
319 322
29 227
33 224
16 88
128 151
220 216
220 261
222 33
205 87
319 211
141 5
215 2
18 135
113 3
39 208
77 29
205 40
229 162
285 112
13 75
70 4
309 122
43 34
135 331
221 25
186 45
169 19
335 17
210 343
304 331
293 55
328 321
55 349
243 165
176 346
88 12
109 69
305 25
18 17
201 311
99 48
114 29
67 145
267 140
330 299
350 85
79 116
153 293
176 194
302 139
233 333
254 85
294 74
82 169
348 118
151 222
141 136
92 7
93 143
356 41
304 63
342 12
350 92
31 254
221 219
272 231
329 327
312 62
172 141
282 256
2 342
130 259
116 101
66 228
144 235
145 243
18 3
212 317
141 274
143 210
240 332
44 40
69 48
52 152
208 289
321 137
332 271
280 221
356 72
178 46
182 147
310 68
332 209
52 240
314 250
9 3
121 185
294 236
125 189
90 321
19 199
49 150
269 307
240 173
280 339
119 304
212 248
70 234
135 270
92 131
336 341
155 37
29 217
52 110
346 274
311 101
318 340
215 60
53 324
35 119
136 16
249 28
306 237
217 75
351 240
211 88
216 141
202 317
111 357
336 332
100 202
251 110
180 34
40 234
295 228
106 103
79 198
147 341
261 165
249 37
67 234
87 247
91 269
182 100
5 160
279 315
165 101
98 72
264 266
249 204
91 43
167 285
134 37
155 160
114 219
39 295
135 62
90 274
12 267
307 215
40 15
133 325
259 344
334 170
230 262
105 98
267 223
197 71
200 138
334 213
264 305
125 354
85 268
261 32
154 320
67 75
345 96
91 81
168 60
22 203
99 49
283 214
52 300
162 234
1 55
76 154
294 289
23 296
109 111
300 299
105 133
325 226
127 170
272 236
256 129
313 80
352 245
207 194
333 67
270 358
290 352
321 350
196 189
55 191
310 173
239 249
117 311
262 64
68 314
69 15
186 358
280 159
134 14
321 120
39 135
338 358
158 275
130 122
168 185
190 128
341 343
81 236
173 201
156 135
29 143
181 185
312 328
221 274
222 213
335 272
318 354
230 21
115 247
173 288
32 123
155 126
272 127
37 305
332 25
29 23
285 141
328 294
220 313
335 173
231 257
112 151
65 220
282 330
236 296
255 28
169 174
132 38
103 359
22 70
81 272
126 154
5 7
245 296
191 300
111 78
186 130
286 144
84 44
143 318
165 210
332 184
354 141
265 241
338 85
22 89
244 278
28 253
214 47
126 157
156 236
165 330
40 162
295 40
19 269
334 300
147 250
349 74
231 57
253 52
331 269
297 141
7 277
54 15
163 107
111 92
247 175
32 40
126 102
239 333
114 227
208 100
196 112
235 215
326 345
332 61
45 277
38 316
231 293
179 246
328 209
187 192
250 289
305 199
194 130
251 258
36 11
316 222
26 97
195 161
269 240
173 31
16 273
205 217
297 264
44 268
228 229
251 170
75 120
94 292
169 326
132 118
45 246
359 79
291 247
311 232
149 168
139 315
124 205
343 102
108 280
277 153
138 182
344 60
14 263
309 35
60 65
250 307
107 102
114 12
293 205
98 165
32 342
167 303
339 345
206 235
231 161
218 118
92 22
19 302
131 296
22 132
210 169
122 199
340 303
53 88
77 215
298 81
249 312
86 16
164 311
20 73
187 37
209 112
282 166
34 125
346 187
19 198
319 76
25 75
316 17
52 248
35 256
226 91
41 182
292 177
224 199
150 51
334 268
13 329
208 272
83 326
51 305
181 195
257 40
204 241
277 58
66 261
249 35
232 37
296 343
262 202
195 245
58 39
204 10
152 32
316 294
335 250
329 354
349 298
316 104
111 237
139 180
178 73
126 36
116 122
285 62
181 125
232 49
19 325
20 189
259 338
78 58
353 70
9 164
9 181
140 28
34 164
242 204
152 39
263 301
195 139
33 175
201 235
130 332
150 188
158 307
318 327
248 74
241 330
186 317
43 220
147 202
293 87
258 91
116 315
353 95
53 188
347 44
240 34
167 132
315 7
117 159
157 291
105 242
166 94
202 226
225 246
318 131
147 354
223 2
278 166
171 24
311 281
233 172
108 322
239 130
313 191
334 178
322 55
202 343
296 219
232 355
86 55
124 254
70 358
164 338
259 126
27 54
251 229
113 165
124 23
161 27
73 316
97 243
316 347
145 82
353 279
35 178
274 60
275 237
131 16
7 328
323 194
181 32
349 244
259 289
88 322
253 67
130 123
98 250
116 205
336 230
175 98
325 12
128 141
202 345
79 61
299 180
262 56
14 226
163 78
60 145
318 355
141 112
162 298
284 147
21 86
141 338
343 79
311 38
245 243
158 96
326 50
51 352
87 59
290 283
202 105
193 25
351 189
262 264
29 126
92 213
186 30
150 8
354 98
190 179
339 193
58 212
305 101
134 97
190 2
125 140
273 153
331 88
246 277
10 34
157 61
108 270
39 51
92 61
93 169
51 258
101 313
284 225
285 237
2 155
118 194
103 33
274 145
55 329
275 152
352 75
229 86
175 238
13 255
288 29
215 7
198 197
4 262
301 143
49 126
114 233
187 232
317 15
266 258
323 335
337 212
358 153
73 31
208 19
194 83
306 66
328 171
4 269
280 195
322 271
90 275
75 77
330 223
24 200
123 345
350 80
102 314
159 284
9 118
322 151
59 66
223 53
83 277
126 110
114 27
259 267
278 110
29 66
309 263
293 104
285 318
344 16
108 25
184 4
294 249
187 17
61 141
100 184
13 234
344 191
114 131
21 341
115 358
289 5
236 191
329 190
203 14
226 302
104 4
128 207
1 119
99 267
241 266
11 186
58 326
353 351
66 115
114 327
280 216
193 124
304 89
200 26
186 85
167 21
134 358
239 200
287 139
275 262
148 120
150 145
81 43
51 211
300 149
66 253
272 41
254 212
205 272
333 358
197 97
307 106
298 98
92 134
28 208
47 116
277 170
43 347
227 42
232 63
86 243
53 63
39 124
22 156
290 85
140 111
306 323
127 338
54 86
168 352
99 318
26 66
118 51
324 312
137 283
10 107
229 101
178 79
161 141
71 280
273 353
80 288
212 146
144 210
200 15
300 350
331 241
100 101
16 28
70 227
297 178
210 299
34 29
333 47
11 311
323 233
71 273
253 2
332 310
206 253
8 68
288 180
164 107
12 39
196 209
180 43
58 357
314 260
223 24
111 151
27 313
269 261
32 81
93 227
337 132
233 59
6 259
9 61
224 325
310 287
76 67
299 209
137 193
346 56
303 308
109 5
348 245
96 6
149 4
258 318
330 286
333 259
179 24
202 155
263 290
15 120
346 244
69 346
97 308
66 358
156 81
267 293
359 1
269 334
126 276
205 294
260 346
278 41
146 353
151 223
136 215
121 357
33 270
89 268
231 188
133 246
7 331
60 147
176 274
115 295
229 344
71 63
96 131
23 312
53 197
290 63
350 29
171 192
252 141
125 249
126 249
328 176
130 154
104 353
74 82
37 174
347 88
64 68
140 169
86 288
96 154
174 120
327 272
154 307
320 215
179 297
126 224
112 137
58 256
355 40
155 135
157 183
12 337
87 58
290 280
19 257
43 48
248 296
307 58
309 157
165 184
6 343
248 151
191 217
275 146
97 118
248 6
232 320
195 84
128 11
252 279
248 117
139 198
68 160
269 246
240 159
149 33
8 21
62 168
122 328
77 319
215 145
180 117
55 157
334 97
297 283
226 147
318 277
319 36
49 125
162 225
142 266
70 147
318 119
303 60
154 249
246 190
164 357
222 354
49 118
231 191
162 335
143 270
311 359
222 269
265 225
122 161
232 108
310 238
3 223
98 150
85 337
143 113
36 157
147 114
276 25
139 156
179 248
108 178
79 142
138 233
31 43
184 348
239 340
335 106
68 44
268 17
90 81
130 46
84 159
226 90
190 172
139 260
73 8
332 166
155 203
91 99
226 188
69 274
87 215
142 45
145 322
75 122
20 156
3 188
263 189
232 90
188 133
263 210
264 254
359 222
63 125
162 35
218 132
202 11
59 226
151 7
38 200
15 185
218 311
120 99
102 23
232 50
87 236
290 334
329 166
97 194
262 231
179 49
309 264
149 191
121 181
103 125
77 198
5 107
299 255
212 30
107 279
343 238
44 252

386 1661
5 178
321 357
236 61
110 41
383 373
61 38
375 95
287 115
58 329
221 235
225 232
339 352
197 130
270 72
91 118
165 286
345 368
77 206
186 326
242 299
68 361
199 155
6 54
134 185
330 226
80 107
334 95
22 333
84 280
16 29
198 352
103 279
291 296
170 116
8 359
100 245
219 26
365 23
297 194
7 358
155 377
112 207
169 280
193 95
217 81
143 130
146 175
352 301
25 377
261 51
279 308
47 157
143 51
365 127
160 185
353 371
257 164
235 115
218 274
349 338
372 245
89 103
116 261
197 68
90 14
246 78
104 254
251 113
286 95
383 163
259 123
189 315
372 77
355 15
319 29
376 247
2 295
330 366
222 95
245 355
103 151
107 336
368 298
83 155
49 95
140 293
364 267
203 120
190 269
120 148
381 115
208 28
192 299
195 211
177 332
55 359
61 92
160 206
214 113
293 366
275 239
276 231
198 110
22 216
23 113
176 93
252 85
98 293
308 86
294 161
99 331
233 363
234 52
165 348
185 195
377 17
125 318
182 175
190 312
338 348
91 214
27 156
284 343
216 122
362 249
181 286
69 197
386 153
27 34
369 234
208 227
144 149
326 173
40 70
360 77
320 303
25 295
81 277
29 237
250 49
18 382
295 291
370 142
281 126
100 134
179 305
36 240
276 327
276 196
4 83
250 386
22 92
27 131
51 9
272 255
211 386
256 359
188 212
240 230
316 203
120 294
157 383
180 125
273 248
78 227
90 366
147 294
79 128
97 190
87 307
296 287
246 7
232 295
294 196
297 251
6 135
321 43
67 4
303 239
178 1
104 31
30 299
237 221
21 113
226 91
44 54
383 147
121 223
227 383
273 379
294 78
69 273
166 233
340 292
289 244
267 1
7 381
104 292
271 76
21 215
343 282
133 20
194 2
345 150
239 59
29 372
16 275
367 231
80 308
57 49
258 114
42 295
281 326
278 315
181 293
237 200
245 188
354 17
118 62
106 171
269 24
217 287
112 67
265 164
372 106
250 209
1 190
251 178
200 10
204 205
115 185
170 251
26 209
45 222
310 194
248 208
273 214
293 155
207 325
64 314
305 136
16 368
35 99
299 125
155 272
216 226
92 297
74 236
147 46
222 107
177 237
347 64
275 210
66 85
222 304
61 281
263 8
249 41
86 259
287 331
326 274
150 81
26 35
134 320
339 24
218 241
335 204
176 144
4 304
3 60
82 44
264 215
212 162
145 212
328 116
154 103
111 120
211 106
328 270
386 178
297 162
247 119
328 157
237 61
366 291
4 319
321 98
212 58
105 128
146 15
204 332
351 90
27 304
124 27
163 186
235 338
120 253
339 38
267 200
147 69
78 186
256 22
293 356
41 174
259 99
48 328
322 212
115 237
291 374
129 119
207 144
175 131
291 176
243 254
172 373
319 189
123 91
16 137
235 287
56 16
163 219
54 341
377 325
302 57
213 55
346 31
219 344
112 379
294 343
315 190
332 273
359 137
72 110
220 318
54 11
197 372
149 359
283 375
95 47
117 94
28 116
52 261
71 54
58 89
206 271
226 44
335 370
282 295
239 120
80 356
61 222
137 296
17 341
325 276
112 282
42 160
284 312
360 78
90 123
291 214
1 23
32 229
159 290
199 316
92 282
43 269
159 100
179 231
157 142
201 263
95 29
347 337
27 130
192 264
140 40
202 164
300 371
255 106
37 246
63 363
49 115
253 318
169 156
28 65
270 329
277 281
174 204
339 208
275 162
385 371
334 341
156 231
230 90
89 188
312 360
293 266
114 345
43 136
81 93
286 363
269 273
2 249
177 264
126 288
24 106
355 319
356 183
70 283
62 97
377 68
123 117
90 374
109 58
183 73
41 253
92 5
347 311
24 210
338 312
289 242
75 212
77 296
61 25
211 43
178 215
379 119
148 117
352 83
86 114
274 8
259 187
26 338
70 107
192 381
145 320
30 75
168 142
4 199
171 292
268 153
330 21
106 201
342 318
252 357
284 168
379 295
74 97
377 176
267 177
323 300
306 332
331 301
61 156
299 241
136 301
178 88
74 25
293 302
166 52
132 108
301 286
234 156
164 234
183 197
39 64
337 215
251 301
197 110
198 372
333 169
102 293
237 88
330 7
259 1
78 199
110 212
371 181
279 179
39 121
235 172
275 95
158 23
275 281
105 172
347 251
207 245
299 124
67 232
140 146
346 375
382 361
163 105
293 72
31 217
51 64
278 313
176 361
235 124
108 134
218 265
36 304
336 111
223 195
28 26
283 258
340 125
203 36
225 23
123 269
52 202
8 328
248 223
218 353
330 48
279 105
69 341
255 126
383 53
325 140
267 90
23 302
354 67
282 50
222 90
6 262
303 236
85 248
53 346
265 362
140 191
234 251
200 39
292 66
4 1
32 218
288 308
35 288
2 43
385 260
242 250
157 312
340 8
219 99
113 111
186 344
277 212
6 71
120 39
305 171
258 182
247 294
291 377
21 64
122 233
344 35
272 149
221 174
168 326
22 33
299 262
193 322
185 371
386 308
285 109
160 63
328 27
112 237
222 301
99 322
129 79
254 282
124 153
287 191
128 129
220 242
124 2
247 93
273 163
257 233
86 76
189 324
341 121
89 208
346 116
4 111
10 370
301 358
233 325
4 254
281 317
269 206
143 30
269 34
60 309
226 45
141 20
111 76
77 108
79 183
107 131
15 266
236 293
112 283
40 72
24 258
357 130
303 186
297 117
246 48
369 16
99 379
380 368
103 312
93 308
367 191
355 82
379 261
269 286
289 125
73 371
273 302
257 20
99 89
33 112
131 338
188 257
153 340
172 16
211 23
221 178
190 9
196 336
200 296
147 291
277 241
78 265
282 236
301 139
339 296
233 237
189 192
212 295
177 278
230 133
252 123
70 150
55 301
94 199
258 4
262 137
78 225
264 77
158 89
269 74
347 128
80 330
105 342
307 344
212 302
85 24
201 78
172 6
191 241
85 350
202 352
265 119
136 313
356 263
103 160
288 47
324 360
28 48
245 68
205 353
189 210
29 94
292 154
97 163
23 367
123 333
274 246
125 353
381 258
130 258
23 77
118 256
319 92
259 372
28 175
44 47
83 124
179 90
343 125
366 198
57 123
282 266
52 320
114 9
228 1
50 247
144 112
309 277
251 81
238 276
58 134
281 42
135 270
14 275
309 98
305 35
99 2
41 284
381 90
256 90
131 303
320 372
267 169
330 334
96 325
63 55
274 227
111 23
130 169
330 151
186 240
261 189
227 46
46 171
12 276
111 245
9 189
375 160
290 369
207 14
9 14
122 58
1 260
94 60
335 306
104 283
214 287
163 56
351 105
120 123
301 271
231 210
143 134
171 185
122 210
53 181
348 266
96 339
269 89
16 119
162 66
223 359
261 286
173 119
340 99
141 78
345 24
183 162
371 130
209 246
48 239
303 147
196 63
24 328
253 43
328 265
311 192
243 237
336 313
118 97
250 121
103 243
380 1
20 210
25 9
236 346
296 330
170 210
63 109
250 17
55 274
354 51
318 53
157 318
202 239
50 239
39 325
318 371
87 18
364 271
24 295
63 5
247 296
128 330
333 244
261 34
228 43
32 278
129 237
221 84
350 23
262 336
137 125
357 79
103 144
14 334
270 131
186 345
386 314
243 360
135 149
156 62
163 212
2 257
151 273
239 38
72 105
328 318
298 32
13 353
275 317
239 116
24 123
80 360
37 161
113 240
259 292
376 75
207 209
173 289
305 316
70 171
333 230
99 178
9 203
267 309
359 139
56 170
336 293
341 151
296 93
44 304
229 183
68 190
329 155
312 317
352 340
25 229
68 205
118 245
355 261
234 356
347 15
66 22
47 40
178 137
34 79
26 373
190 274
212 88
72 373
239 316
116 169
262 269
157 36
72 15
382 300
292 103
114 67
332 98
189 62
262 156
193 187
33 239
306 263
202 187
333 105
300 374
66 17
270 159
56 39
312 348
367 190
95 325
249 109
360 40
325 283
19 266
8 25
134 132
361 79
334 289
261 15
346 300
37 99
331 266
242 278
206 287
361 278
166 23
258 300
26 327
155 290
162 304
231 19
52 284
153 233
117 216
269 248
30 5
18 254
351 6
265 303
360 22
110 166
23 175
373 166
50 273
51 24
31 134
237 3
343 257
165 247
142 265
292 70
325 76
298 110
369 51
60 209
44 379
377 83
305 97
234 25
59 94
73 219
168 225
169 328
147 23
132 321
269 227
257 174
247 15
106 55
15 133
77 1
121 95
109 187
384 198
331 193
24 365
260 374
284 364
126 347
354 21
28 214
213 291
275 192
13 162
98 46
332 366
225 324
279 180
63 83
183 199
3 174
78 53
122 378
213 246
64 319
264 284
232 262
364 149
330 5
205 109
153 127
299 232
279 205
174 320
52 343
155 121
356 205
32 267
36 85
175 55
305 60
287 100
290 117
366 216
275 206
18 212
64 111
65 151
357 268
217 76
260 355
199 366
332 77
7 247
241 106
254 16
75 309
59 2
353 382
386 373
136 143
107 171
17 380
127 164
384 307
239 277
60 99
101 276
211 300
179 156
205 310
25 176
355 227
214 241
342 58
20 298
385 264
303 325
106 131
256 27
203 260
315 117
261 262
174 312
261 151
190 263
194 263
96 243
8 223
9 215
200 353
67 274
31 375
127 372
78 182
128 45
311 73
217 54
64 116
63 22
9 216
350 20
155 6
89 270
225 257
135 355
164 175
282 62
144 51
3 248
172 46
122 247
172 189
101 357
346 248
240 272
239 119
251 240
196 79
312 166
3 225
45 305
319 342
11 97
285 141
76 242
161 368
293 275
299 59
247 204
229 318
183 158
242 14
277 85
227 96
230 159
218 40
360 120
100 52
146 332
311 60
295 294
257 224
204 169
42 28
85 154
180 130
19 114
107 246
122 145
364 54
165 163
336 202
7 90
263 33
123 313
95 74
369 348
321 68
93 163
331 47
338 330
161 57
152 239
27 135
304 341
363 239
126 361
59 221
64 128
262 103
239 1
234 188
73 378
8 1
270 332
311 154
189 79
118 223
386 382
281 76
318 203
13 242
272 377
113 59
379 277
185 76
135 127
123 351
56 276
222 385
62 5
374 76
285 319
341 194
220 175
244 299
209 13
265 254
77 14
82 91
356 91
362 302
152 266
48 166
377 368
30 303
83 95
129 187
348 297
339 227
289 352
135 282
284 61
339 308
106 205
370 19
6 13
355 112
379 291
173 367
196 109
34 128
118 32
372 96
254 123
42 226
216 273
199 56
182 144
296 361
80 123
315 305
134 344
10 257
327 329
98 188
100 197
236 82
130 274
117 46
263 25
213 4
107 84
129 29
34 146
136 130
29 329
90 329
186 254
258 259
160 119
308 250
146 182
177 290
126 330
61 58
214 104
236 64
310 268
203 265
77 90
370 164
137 285
193 275
349 144
44 239
254 311
4 23
317 56
268 41
132 294
317 169
82 158
84 251
358 51
157 76
39 104
140 27
197 70
334 218
233 370
221 262
91 188
303 309
384 267
204 337
120 139
356 20
89 106
129 121
192 210
342 50
171 371
358 82
305 38
124 254
70 358
192 11
29 301
91 169
301 195
340 55
109 144
39 30
169 219
254 353
279 321
268 214
198 334
347 58
165 31
35 86
169 84
62 84
359 228
381 343
227 228
181 32
111 163
95 37
218 39
352 311
351 257
25 138
104 66
380 247
274 369
111 385
85 294
114 310
118 276
295 204
31 79
85 120
275 29
166 203
57 213
174 234
199 219
121 377
351 44
346 115
146 116
112 231
258 135
372 214
214 186
288 237
219 173
255 236
177 174
87 281
366 336
332 96
301 5
375 2
203 149
206 130
354 283
108 219
290 274
253 26
116 171
136 41
263 94
11 1
216 215
56 203
294 325
333 150
104 183
82 297
200 292
165 329
166 18
207 313
318 169
267 3
163 242
114 233
281 355
29 112
287 262
59 367
8 341
27 40
70 301
347 31
275 161
154 271
325 369
222 381
118 306
231 188
13 73
182 181
223 93
26 244
294 288
237 230
92 162
59 356
171 248
83 106
47 80
19 60
385 375
132 229
371 295
177 34
249 125
34 284
15 354
261 238
10 277
86 326
362 183
1 126
3 197
97 34
29 232
79 70
57 188
54 148
187 142
354 319
191 5
200 19
273 278
149 70
78 71
154 162
102 308
375 78
177 195
34 249
126 190
38 292
125 382
307 314
40 159
135 223
231 171
350 271
172 96
320 377
47 309
3 307
157 325
16 70
244 52
63 314
191 369
258 197
307 253
163 320
78 38
303 105
262 104
106 358
50 68
379 323
344 351
307 264
130 275
23 92
334 36
67 254
306 240
308 252
44 137
279 295
120 223
266 159
135 45
164 101
292 178
174 186
366 365
286 101
218 144
310 88
248 61
298 379
319 116
69 247
382 283
177 158
289 146
74 238
96 351
336 147
120 341
376 10
375 82
33 354
343 5
187 50
316 105
45 48
358 57
101 360
332 310
162 267
184 261
321 329
375 186
142 130
153 222
160 184
31 272
151 33
337 47
350 323
262 310
191 47
323 383
252 79
184 268
274 184
369 126
16 153
112 109
221 240
276 208
95 380
63 136
127 11
345 194
24 291
24 152
325 136
236 136
24 338
317 321
10 301
345 333
19 12
221 225
314 167
8 283
295 137
326 40
79 223
211 335
294 349
109 254
332 150
45 172
105 276
216 252
287 292
246 40
219 246
274 375
130 16
367 54
40 200
293 186
212 78
195 14
47 380
291 381
293 65
277 263
105 91
358 263
69 101
371 325
62 92
245 292
161 381
162 101
131 24
284 125
346 105
74 82
94 348
181 62
188 206
372 200
268 118
363 365
143 236
151 299
154 125
120 272
176 34
267 253
160 273
316 172
64 354
301 11
196 359
324 265
19 144
39 360
69 309
73 325
19 257
230 328
288 238
3 232
5 244
207 72
194 47
32 227
52 177
70 304
240 376
208 330
159 122
128 11
312 344
111 72
190 345
33 386
288 118
259 234
65 68
68 55
88 344
362 347
119 243
105 385
56 187
331 261
94 104
208 321
153 141
245 319
119 96
215 6
294 36
260 92
256 358
122 166
375 312
261 279
331 190
370 258
243 48
61 9
44 71
310 134
59 223
208 312
372 14
317 208
63 257
195 66
15 162
369 158
32 42
369 292
223 92
189 220
111 316
151 128
158 50
344 10
329 346
317 233
303 383
161 274
250 303
198 71
209 308
373 163
259 106
344 98
272 84
305 281
355 290
36 132
257 260
3 341
234 29
269 127
109 53
12 364
161 81
111 221
206 350
210 181
91 346
338 290
337 62
363 212
55 225
286 310
111 117
60 67
78 358
385 223
100 73
102 349
85 54
73 169
149 191
286 36
272 325
344 31
111 13
226 223
281 214
377 89
158 182
273 374
385 7
190 359
45 85

256 160
67 177
177 120
26 178
178 47
134 179
179 137
121 180
180 107
4 181
181 102
167 182
182 26
101 183
183 105
69 184
184 18
88 185
185 123
143 186
186 150
19 187
187 37
26 188
188 103
51 189
189 89
22 190
190 40
37 191
191 149
79 192
192 83
90 193
193 141
18 194
194 85
64 195
195 151
134 196
196 142
103 197
197 52
141 198
198 166
151 199
199 79
163 200
200 22
62 201
201 53
49 202
202 131
166 203
203 104
73 204
204 85
146 205
205 70
6 206
206 160
100 207
207 146
24 208
208 56
51 209
209 24
117 210
210 127
14 211
211 47
84 212
212 59
85 213
213 112
122 214
214 167
79 215
215 110
156 216
216 108
5 217
217 85
60 218
218 102
172 219
219 35
118 220
220 117
105 221
221 11
168 222
222 14
55 223
223 158
150 224
224 61
163 225
225 86
156 226
226 141
86 227
227 26
48 228
228 75
144 229
229 23
129 230
230 79
160 231
231 70
38 232
232 105
127 233
233 56
174 234
234 32
73 235
235 132
22 236
236 12
81 237
237 122
31 238
238 94
90 239
239 6
2 240
240 138
155 241
241 27
1 242
242 66
59 243
243 146
94 244
244 128
47 245
245 11
121 246
246 5
63 247
247 137
141 248
248 122
125 249
249 85
51 250
250 18
33 251
251 19
175 252
252 7
168 253
253 135
146 254
254 18
55 255
255 24
132 256
256 22

274 180
175 185
185 182
72 186
186 56
79 187
187 50
37 188
188 175
160 189
189 110
56 190
190 25
4 191
191 35
87 192
192 42
141 193
193 135
169 194
194 177
10 195
195 124
71 196
196 91
132 197
197 100
177 198
198 52
141 199
199 123
64 200
200 10
29 201
201 56
171 202
202 39
64 203
203 32
111 204
204 53
80 205
205 22
40 206
206 8
5 207
207 27
128 208
208 124
72 209
209 77
61 210
210 157
25 211
211 5
1 212
212 165
119 213
213 56
86 214
214 150
111 215
215 84
61 216
216 75
10 217
217 120
78 218
218 87
138 219
219 31
90 220
220 85
90 221
221 127
166 222
222 25
13 223
223 85
145 224
224 132
168 225
225 68
119 226
226 4
11 227
227 164
114 228
228 61
83 229
229 131
63 230
230 82
111 231
231 121
10 232
232 134
140 233
233 82
162 234
234 77
47 235
235 61
1 236
236 42
158 237
237 56
50 238
238 42
141 239
239 87
173 240
240 52
54 241
241 53
13 242
242 157
154 243
243 137
167 244
244 175
32 245
245 30
162 246
246 7
174 247
247 113
40 248
248 84
146 249
249 136
112 250
250 25
127 251
251 99
5 252
252 98
31 253
253 61
156 254
254 75
135 255
255 19
183 256
256 78
184 257
257 75
127 258
258 21
135 259
259 98
63 260
260 1
5 261
261 101
66 262
262 183
91 263
263 165
112 264
264 179
120 265
265 21
43 266
266 4
131 267
267 86
146 268
268 25
168 269
269 172
109 270
270 132
22 271
271 5
9 272
272 125
2 273
273 77
57 274
274 91

393 1609
178 45
161 99
236 174
261 216
62 374
140 113
141 264
129 139
132 331
94 54
65 348
140 266
258 221
252 35
384 208
284 211
294 139
124 303
241 16
39 349
76 281
243 46
163 369
340 342
170 318
248 163
201 23
299 280
393 211
381 177
274 214
148 245
389 364
139 182
359 388
74 52
276 261
281 169
83 318
49 133
358 393
33 67
343 319
98 212
10 312
249 352
256 104
244 343
10 139
138 68
296 86
269 4
124 333
318 325
318 158
340 111
107 172
347 247
39 149
120 134
361 124
181 68
9 211
355 228
234 261
147 61
77 249
316 137
299 278
40 36
241 59
77 74
382 181
161 151
330 140
65 102
325 119
132 391
303 21
204 303
150 221
82 255
104 229
216 20
10 239
282 131
85 131
243 276
230 233
140 180
318 81
175 103
253 57
55 359
115 11
117 308
305 93
206 175
244 102
139 210
39 17
23 315
194 218
30 155
345 350
328 290
112 4
156 130
366 130
85 149
223 123
98 333
69 220
70 175
92 216
370 278
360 256
234 377
293 218
300 380
279 136
228 238
73 324
143 244
54 108
78 102
319 344
32 228
389 229
302 371
287 48
70 320
254 61
116 6
350 302
152 305
299 66
128 229
9 249
121 151
16 101
256 89
298 25
67 393
233 350
269 83
368 333
297 282
129 36
320 287
283 133
385 195
10 67
376 74
274 25
17 117
116 20
298 147
211 197
20 143
25 252
172 117
358 328
363 328
143 195
219 377
224 295
160 318
224 332
218 179
219 35
43 369
371 214
246 380
283 297
69 296
185 81
350 259
336 35
104 31
92 334
330 343
171 300
342 120
56 81
129 365
12 158
361 260
253 345
331 70
337 275
102 29
148 285
29 388
228 144
308 144
292 135
186 294
151 145
153 306
275 368
278 143
136 127
138 152
324 22
185 99
365 60
242 167
263 202
50 319
204 254
86 254
224 79
42 295
349 161
127 343
311 251
200 75
323 108
26 319
163 331
283 127
103 29
195 324
36 42
350 76
26 64
119 189
286 4
344 238
88 243
333 389
64 108
155 272
138 181
318 301
162 354
1 32
352 279
375 191
195 246
26 156
41 42
151 181
323 90
220 133
106 44
369 172
356 19
288 182
235 10
22 172
152 186
360 243
309 363
71 324
352 12
133 153
64 203
109 10
349 230
247 337
20 327
206 384
338 264
46 41
8 171
64 280
139 342
286 304
54 168
114 264
187 66
206 162
9 296
240 382
348 247
337 354
286 115
194 259
303 167
142 227
171 170
104 87
177 330
218 195
382 200
94 139
335 210
304 270
14 377
109 107
221 199
228 242
51 270
188 380
260 145
44 102
328 316
327 284
60 294
229 63
361 308
14 339
38 373
295 132
261 262
377 15
267 24
161 158
85 124
213 55
240 251
223 56
12 118
52 173
144 70
310 184
313 319
279 29
321 196
131 26
317 150
378 142
235 94
43 61
189 182
289 221
94 237
300 339
213 374
215 157
37 115
240 65
57 43
62 69
389 251
159 127
258 124
135 333
15 198
185 52
45 149
344 392
312 177
78 103
372 119
266 236
19 42
368 141
352 17
100 135
29 157
329 294
343 54
79 189
338 9
101 294
303 64
380 168
133 385
52 186
74 363
369 181
369 10
240 36
156 232
231 307
197 186
279 153
69 293
180 344
17 138
302 85
270 329
71 29
221 27
168 153
152 243
83 102
249 287
50 280
241 120
377 67
30 7
55 5
349 189
81 93
323 168
335 111
138 290
34 371
363 331
281 282
322 99
365 63
294 197
386 378
227 162
176 351
87 107
36 381
355 215
280 130
344 100
345 282
383 344
270 202
20 222
103 156
247 382
40 42
242 90
266 314
125 68
35 273
74 316
319 356
37 25
385 326
280 172
101 60
229 119
71 302
74 30
275 371
247 162
357 275
332 215
333 362
280 330
65 63
267 177
215 223
276 65
319 365
232 285
360 338
185 137
293 232
354 349
389 202
346 161
378 343
252 183
369 184
374 380
106 67
312 243
260 258
85 371
1 268
185 146
3 330
386 350
229 121
131 91
263 25
357 261
68 243
51 349
38 117
298 270
373 133
269 191
36 43
176 227
267 361
359 312
201 253
203 193
370 169
282 358
17 200
206 249
263 18
343 288
72 6
65 2
360 141
290 31
330 371
151 180
191 280
226 230
248 71
72 149
114 358
264 209
236 354
47 159
147 387
238 245
53 124
197 234
173 113
339 377
219 386
347 201
348 249
313 73
15 215
138 164
141 217
326 266
260 172
19 8
387 35
103 152
354 376
392 5
339 382
385 122
352 243
190 264
135 50
265 215
50 140
363 264
200 182
383 197
294 181
149 227
268 285
218 371
75 294
173 188
259 316
188 59
226 354
352 308
188 170
279 349
339 46
124 130
383 194
239 4
299 179
298 178
76 310
14 57
143 351
91 289
100 3
318 94
16 179
126 365
77 226
384 207
319 165
252 79
91 10
147 268
106 240
173 85
213 78
201 276
336 66
175 317
253 88
208 12
146 334
297 157
204 175
95 349
372 163
37 340
111 189
25 239
336 57
232 251
35 335
333 153
85 323
34 214
71 191
206 279
164 370
261 187
295 178
151 84
267 14
113 228
373 213
377 351
310 19
267 236
141 320
313 337
242 87
195 94
15 166
222 382
202 210
343 191
164 200
239 323
110 9
2 110
248 168
266 68
234 336
383 239
368 188
333 28
61 119
82 211
82 284
306 126
133 208
350 197
213 366
275 170
371 102
177 38
364 199
258 244
298 152
82 93
378 170
86 235
36 382
311 377
282 97
108 390
387 211
334 309
354 2
270 203
181 377
258 393
191 315
278 283
280 166
236 64
147 310
247 377
381 72
188 227
142 163
241 145
158 35
1 305
40 329
224 166
81 54
135 273
263 348
331 113
265 136
13 112
39 199
21 16
10 259
263 183
58 23
4 207
99 308
316 278
279 386
56 97
301 87
195 35
373 10
89 8
308 241
193 250
72 95
382 171
41 98
93 12
136 326
263 317
290 125
242 303
134 42
10 108
308 318
224 35
351 96
134 197
191 60
285 39
210 185
72 247
164 18
352 274
387 373
61 374
339 12
361 31
255 277
41 39
333 161
171 266
228 390
232 268
142 295
112 124
59 10
310 68
173 126
177 144
16 199
325 323
272 337
209 253
264 43
379 205
131 285
315 322
261 55
67 293
36 83
292 165
239 237
362 33
40 293
222 248
4 331
206 342
207 332
136 142
200 352
23 110
281 174
229 288
193 391
68 226
86 257
310 35
188 337
173 349
94 159
120 352
214 99
332 384
65 241
101 88
225 218
37 182
259 305
226 337
143 341
69 229
56 347
75 3
118 233
84 297
360 295
216 97
127 373
60 274
218 361
278 200
83 151
176 280
195 4
164 167
384 256
23 124
226 360
157 64
130 21
10 184
108 93
258 369
101 74
52 386
15 245
99 60
281 129
105 242
212 261
382 315
240 198
114 86
332 225
285 330
255 310
175 285
93 98
140 328
33 181
114 312
187 82
25 115
49 85
220 26
285 29
126 259
239 159
294 341
316 367
68 85
108 60
98 102
7 250
342 271
384 358
58 261
390 332
249 99
139 204
96 158
188 268
308 127
340 364
165 12
360 220
82 231
84 188
123 107
345 213
71 342
207 310
376 167
324 94
254 326
119 246
270 236
316 125
74 366
93 386
366 341
61 100
137 153
159 102
77 100
280 250
355 85
48 374
139 250
253 291
96 61
210 205
381 20
270 152
95 172
52 281
215 173
388 134
53 286
83 266
367 377
242 47
118 175
151 306
321 309
254 7
180 120
110 324
57 243
183 392
97 65
1 350
156 16
260 214
190 222
67 346
308 141
337 192
383 151
136 229
10 73
328 215
373 62
253 131
312 224
38 79
57 81
336 352
316 257
197 337
75 272
33 305
324 155
96 106
258 313
169 319
48 274
231 169
158 219
15 374
308 236
36 358
312 231
239 345
51 249
145 140
387 219
104 152
343 124
224 59
296 159
246 135
85 208
179 279
326 111
240 295
350 353
297 379
356 72
142 56
127 17
2 192
303 111
182 2
311 255
194 1
380 308
59 255
150 170
216 335
389 200
282 274
341 79
319 77
360 114
272 46
167 9
207 150
283 123
212 248
290 11
182 5
322 175
176 238
198 133
325 78
130 381
211 97
271 317
377 1
347 277
150 90
210 154
295 279
6 206
108 122
131 173
134 34
218 268
59 122
99 3
45 67
214 143
204 93
3 156
152 183
6 379
283 73
29 58
195 251
292 166
217 118
222 110
80 254
27 76
175 60
86 36
347 69
66 80
174 305
195 25
359 384
338 329
22 357
299 119
63 22
138 187
269 34
312 138
84 291
373 262
358 90
220 159
58 155
151 60
390 353
15 230
369 279
314 71
301 203
80 93
188 150
388 379
228 45
216 98
350 45
8 174
124 304
347 83
245 138
355 51
139 216
140 298
20 218
306 145
144 60
290 352
43 88
336 238
172 55
292 262
241 167
5 44
388 164
82 324
137 124
218 369
364 240
38 172
26 281
250 251
180 181
338 358
91 361
24 350
208 16
177 189
9 163
307 91
146 346
134 118
29 143
68 289
251 3
243 368
100 303
185 47
64 66
51 137
326 381
358 247
287 185
217 290
55 376
148 78
276 123
169 71
194 73
345 211
339 279
141 106
208 127
228 114
11 9
269 379
349 120
316 359
90 129
274 240
98 337
181 139
136 89
386 74
23 131
139 85
315 333
5 330
52 190
289 324
19 47
129 200
367 72
337 109
191 341
363 135
50 71
120 264
386 69
203 171
357 324
92 300
15 386
278 389
8 233
246 9
47 72
268 240
269 254
387 207
306 69
37 243
59 391
60 180
79 135
190 325
120 76
34 260
5 299
44 173
154 32
300 71
285 224
84 347
147 112
242 270
100 379
274 21
247 357
139 235
159 228
162 245
145 331
336 18
207 189
47 292
50 200
52 228
219 381
330 296
188 273
281 287
246 27
177 203
341 381
35 245
164 282
256 43
377 73
107 208
15 182
331 392
243 346
45 101
112 313
187 252
268 222
183 360
336 353
262 121
175 18
268 157
223 171
251 50
331 385
22 327
190 382
142 54
55 389
168 226
260 197
284 278
201 126
391 329
1 311
129 378
204 108
100 173
51 291
218 304
303 177
261 236
59 293
199 56
274 288
393 163
52 96
155 361
191 383
363 81
186 376
209 129
156 392
391 100
105 304
96 232
387 187
100 125
84 279
177 297
16 36
151 163
31 212
286 100
197 252
202 201
205 253
189 131
227 80
360 122
146 182
295 385
13 106
281 339
52 199
363 289
327 138
367 19
339 255
290 114
271 148
139 180
175 216
202 67
97 290
27 289
62 254
143 383
19 325
260 185
6 376
228 56
105 120
44 341
165 100
368 112
367 24
95 231
249 211
304 285
107 352
316 103
104 260
108 129
249 45
303 157
234 244
210 141
290 21
223 364
391 170
12 221
150 297
297 351
191 85
200 35
328 120
329 78
256 314
331 370
167 189
133 125
140 340
293 359
208 252
153 90
67 51
253 217
164 161
312 298
240 209
10 324
247 298
194 287
12 314
13 388
97 243
246 43
283 95
104 91
213 359
98 82
359 228
95 355
23 6
279 120
282 377
18 57
311 267
114 197
187 281
205 154
45 166
283 167
250 363
253 67
256 264
136 387
246 34
12 123
162 223
373 385
145 373
313 97
285 27
165 176
281 313
345 161
290 57
321 216
233 366
111 64
278 66
301 355
351 375
250 51
179 117
381 241
297 130
27 57
30 22
328 189
41 133
60 167
360 35
340 106
372 136
314 210
309 349
205 92
358 113
252 153
293 260
149 373
228 303
84 52
158 253
386 66
73 7
306 173
147 253
368 41
315 88
124 363
128 24
165 370
330 14
255 206
110 157
60 36
34 372
109 283
274 317
221 23
388 248
320 131
289 341
134 74
84 203
25 86
174 369
213 336
15 217
1 205
129 161
99 217
7 64
238 262
148 106
151 15
245 267
125 357
164 362
367 215
205 216
233 220
374 133
148 275
223 67
392 282
306 164
284 197
108 385
36 51
246 19
214 72
24 208
269 121
257 196
300 158
323 154
162 347
186 85
207 130
56 238
60 379
6 219
165 389
223 147
83 238
176 321
2 303
293 289
331 114
296 16
78 360
350 384
265 141
377 3
60 358
9 176
250 43
204 21
386 208
98 189
334 255
177 253
54 345
252 376
204 251
207 227
136 107
228 164
51 344
121 334
370 362
211 85
67 312
145 124
150 48
171 278
189 107
100 205
176 224
221 314
24 20
190 385
386 63
321 10
69 247
57 61
330 229
98 265
319 270
29 63
152 33
118 10
76 77
386 341
174 300
303 294
197 314
273 346
51 166
22 316
92 252
384 173
20 190
335 93
392 317
140 29
323 263
89 392
76 245
367 27
223 358
163 85
293 372
257 371
24 98
119 38
268 82
26 279
326 279
235 54
170 214
215 255
382 195
387 62
35 135
95 380
42 129
379 367
72 341
36 315
187 177
112 331
146 358
111 370
277 358
166 205
384 333
4 292
11 67
247 227
174 321
203 121
153 328
270 356
145 192
163 161
112 322
111 266
173 189
69 124
243 252
262 70
210 324
256 235
372 82
139 211
97 154
351 78
229 344
47 193
157 86
144 53
272 122
245 233
249 238
56 21
391 33
16 328
126 72
308 363
39 190
199 3
107 3
237 146
222 51
299 172
339 168
179 156
298 185
318 188
20 380
348 217
204 374
97 148
363 354
95 187
278 393
123 290
276 12
119 107
147 281
286 379
289 120
45 367
290 275
238 69
41 322
62 168
392 383
216 71
16 100
220 265
388 154
384 375
349 273
279 159
345 76
330 213
259 284
30 312
116 373
204 186
148 101
9 76
90 353
294 95
210 48
141 147
98 307
73 376
166 101
392 365
176 388
32 153
359 91
191 244
197 29
363 230
290 90
382 27
153 159
237 7
369 151
60 77
355 68
138 233
234 165
383 251
90 282
191 108
242 180
334 235
86 13
15 3
376 87
322 239
380 67
332 222
169 324
353 39
298 279
30 301
318 104
148 222
270 207
96 135
56 87
339 338
33 310
108 160
254 67
42 249
280 217
324 21
15 371
292 62
332 213
370 96
219 134
182 14
133 21
176 243
363 205
136 299
191 368
117 351
240 346
40 135
349 131
79 71
334 34

387 1618
103 291
69 260
254 256
236 379
231 163
187 345
216 275
339 2
192 167
218 231
102 295
305 7
172 305
282 164
64 20
91 304
183 192
79 275
324 70
59 329
255 360
311 241
213 297
353 84
290 121
58 141
86 152
187 173
208 161
127 340
359 28
182 96
193 247
69 135
309 355
81 343
264 262
33 148
270 171
142 97
202 65
300 131
160 384
282 72
339 25
367 81
293 61
369 68
316 242
270 178
127 208
65 252
173 115
92 69
185 16
193 80
305 276
166 171
374 96
336 243
7 125
105 103
235 145
33 166
366 290
373 121
253 222
201 355
223 205
377 239
309 184
59 311
356 229
215 247
279 12
191 309
357 66
303 335
272 299
380 20
205 340
370 94
206 215
300 104
48 145
107 43
27 167
379 69
2 36
22 248
260 121
253 283
220 31
332 142
351 73
228 79
328 104
348 379
116 274
315 354
334 130
12 386
256 116
75 136
169 207
61 85
82 241
64 364
367 175
153 42
198 303
277 271
387 323
27 181
122 253
274 157
334 323
7 299
37 342
5 317
211 159
230 329
232 120
97 4
318 74
32 319
341 358
221 207
149 249
62 79
233 341
273 159
135 331
162 314
290 272
310 36
227 106
219 363
386 248
105 384
12 241
307 288
284 75
90 221
111 193
350 220
97 360
117 42
291 197
96 160
194 62
112 32
8 134
319 223
375 18
160 225
185 223
331 72
283 336
106 110
224 328
350 199
259 219
298 290
212 217
71 27
75 220
242 186
189 385
292 299
2 26
134 72
329 298
45 105
297 232
162 327
363 7
39 90
351 147
16 59
35 361
1 124
152 192
207 47
11 135
257 283
48 384
318 333
33 316
363 111
318 134
165 354
367 282
373 58
59 255
10 218
81 97
5 282
196 97
218 18
54 67
312 83
294 359
86 199
337 78
367 222
264 52
157 108
73 223
149 77
65 56
86 342
93 53
294 158
191 226
214 65
342 138
201 204
331 315
366 203
94 76
222 1
61 157
103 205
109 38
275 377
322 273
38 125
46 13
85 62
233 93
2 160
56 300
27 125
137 272
250 209
368 359
39 233
258 263
66 265
328 95
203 55
187 337
228 53
198 366
201 109
2 70
83 17
308 28
352 126
379 346
342 247
133 312
290 175
118 153
56 314
22 4
302 323
196 287
18 321
202 255
221 305
77 87
170 4
126 43
369 281
186 305
214 167
356 97
111 249
313 178
276 100
64 257
251 123
101 377
363 168
194 246
208 144
238 12
331 225
355 231
193 192
129 291
20 310
153 280
69 25
362 21
166 261
366 238
185 354
349 313
4 319
189 314
155 374
246 254
180 374
28 111
213 3
118 226
103 1
35 289
206 314
342 160
328 132
37 41
65 5
17 354
61 292
152 171
122 306
39 27
23 317
212 362
313 310
334 374
12 206
262 386
383 33
8 98
304 99
231 237
361 86
243 86
7 107
255 317
149 246
333 121
338 132
196 378
344 216
40 262
151 71
231 149
72 183
111 181
22 208
86 294
146 139
224 284
23 254
123 303
125 31
40 1
226 271
227 349
140 380
380 376
127 252
101 103
86 206
74 91
135 23
219 277
129 90
95 165
170 179
260 142
165 333
12 330
345 73
3 66
170 356
73 138
32 311
123 317
327 256
262 32
11 224
251 42
345 174
314 307
246 212
93 191
257 110
72 186
154 37
230 141
340 264
143 197
291 196
314 216
157 382
3 361
379 36
107 301
26 320
102 96
34 256
121 55
122 344
50 205
88 296
308 131
74 199
223 272
154 95
175 8
51 22
142 323
149 275
123 117
196 325
258 247
288 178
169 321
56 280
387 208
45 266
70 274
314 349
44 377
348 7
247 382
347 268
79 262
21 121
172 251
120 378
130 365
289 259
258 387
44 368
53 218
158 77
150 268
45 90
28 54
229 216
190 56
112 308
205 276
61 357
371 273
236 192
222 119
185 373
41 71
209 115
233 290
161 240
312 260
38 227
156 122
87 231
24 370
351 137
26 215
158 342
288 273
290 124
55 241
20 85
293 145
4 324
141 93
17 215
346 135
383 30
169 300
91 249
278 9
207 157
236 54
104 139
235 317
172 298
282 358
301 74
269 97
377 218
236 158
110 78
330 224
99 110
262 206
60 48
53 182
111 352
80 252
121 334
58 345
228 198
319 233
206 192
158 312
168 194
340 320
305 354
5 60
227 315
285 273
33 376
208 258
367 335
277 51
150 291
9 320
232 23
58 200
297 326
254 290
352 294
98 237
145 36
222 90
299 264
323 75
209 80
30 18
24 294
298 339
282 41
186 6
332 233
351 287
333 256
281 298
46 49
285 370
109 286
357 64
108 92
120 88
180 382
236 312
28 103
85 114
233 153
91 218
24 348
78 19
272 149
166 277
202 129
99 324
317 261
36 197
370 196
229 143
68 182
224 252
274 75
332 136
157 83
292 112
148 221
155 101
109 194
105 88
361 230
55 179
305 84
364 150
205 281
44 311
197 260
86 295
164 34
239 165
351 266
117 206
10 197
339 60
35 215
293 216
294 222
132 269
333 113
154 318
302 366
197 380
109 85
126 336
224 123
62 213
351 207
331 52
79 292
70 164
118 207
267 288
343 64
368 142
351 384
137 154
178 131
217 351
260 80
355 82
217 21
27 276
357 139
7 81
314 363
218 175
296 162
386 361
136 267
161 261
3 61
267 7
13 76
371 39
308 133
150 30
262 137
210 342
293 64
30 334
200 192
294 195
190 48
252 345
346 217
202 63
349 188
283 239
38 87
171 111
91 321
292 147
32 214
354 11
125 34
346 305
182 358
154 207
125 147
164 367
97 271
63 205
24 286
42 133
317 29
63 82
272 87
22 103
47 101
178 353
287 22
368 372
226 187
253 157
364 333
166 138
95 112
282 104
147 152
253 14
114 97
155 84
122 33
126 162
290 107
196 260
262 13
247 12
139 143
16 269
81 71
156 124
243 96
213 238
75 197
97 48
158 42
214 71
162 57
243 190
298 226
366 184
210 19
265 177
199 55
385 181
263 172
231 45
216 133
77 210
133 27
336 153
31 234
220 187
239 66
173 5
302 166
341 73
110 213
202 90
260 33
79 367
210 185
134 340
156 308
67 316
267 283
50 233
86 358
72 70
364 124
102 221
103 108
125 223
200 234
203 279
4 252
119 44
339 362
69 354
159 63
325 323
111 141
345 4
82 56
247 136
122 284
87 244
351 291
172 73
60 284
150 207
35 157
273 205
275 289
279 83
163 33
187 167
320 298
138 353
249 47
268 87
134 326
338 271
30 162
20 297
169 100
81 250
345 240
109 119
167 283
278 305
228 206
90 235
18 201
156 257
101 240
231 283
227 253
324 235
24 156
302 45
107 55
71 69
165 128
241 215
195 239
33 195
383 196
22 47
100 336
102 249
366 247
116 45
280 158
228 265
369 258
111 278
88 64
387 131
154 119
94 4
103 56
364 95
245 236
299 377
356 382
174 221
40 257
132 175
360 51
352 130
258 33
351 219
171 154
351 298
67 262
180 100
275 136
279 31
101 235
195 106
160 216
368 347
260 99
62 211
201 14
303 188
373 383
165 187
240 341
175 118
31 162
197 182
18 149
21 307
223 220
280 243
190 293
301 350
286 135
237 321
365 268
350 96
25 159
195 203
16 97
184 109
191 298
141 12
257 250
166 28
167 301
371 196
6 32
135 249
156 2
341 10
180 136
305 339
357 27
340 370
341 364
14 386
220 216
22 74
315 52
82 217
343 201
365 220
278 230
337 301
286 358
72 61
23 344
101 190
231 96
107 216
180 239
224 1
208 203
61 231
108 198
256 369
280 375
27 229
357 375
326 339
171 255
232 298
162 45
3 336
372 17
262 16
174 267
325 357
295 88
371 219
82 90
121 384
50 115
87 218
236 189
346 80
240 184
183 248
336 38
29 93
200 96
348 296
370 304
361 179
125 58
127 266
56 84
294 242
102 129
11 265
39 266
46 151
341 46
288 150
199 64
77 334
187 335
379 145
90 36
149 188
261 313
100 279
172 132
72 304
147 318
80 304
81 70
64 26
32 51
141 186
180 318
243 99
170 321
121 200
30 214
142 346
55 250
331 303
314 253
108 155
19 199
276 161
155 263
122 267
51 199
93 11
261 85
154 177
157 345
251 105
341 274
80 159
372 117
256 165
148 326
276 371
80 302
267 80
38 107
62 381
287 215
143 41
292 191
275 97
27 119
322 207
372 385
306 228
27 223
348 267
208 382
172 217
173 229
308 27
182 349
77 84
103 245
161 153
255 115
112 195
204 345
228 87
215 268
90 144
189 7
134 327
51 218
291 158
256 108
117 293
207 18
338 159
176 147
105 243
220 159
378 54
185 350
79 212
177 116
340 108
204 336
295 107
334 2
320 290
375 324
196 39
145 284
296 331
283 71
340 156
309 369
129 235
313 297
336 305
232 288
221 256
83 150
288 104
282 55
376 326
87 130
72 20
163 360
255 246
154 109
374 31
358 197
255 264
312 7
94 142
152 59
172 198
29 182
105 253
124 335
65 67
161 358
70 344
370 203
79 218
344 206
108 237
273 320
79 331
173 295
161 29
110 104
241 207
80 75
170 286
339 48
358 252
286 34
142 152
310 371
315 43
176 380
251 3
149 347
116 53
155 345
157 160
340 384
278 74
298 323
357 158
175 310
214 162
92 123
164 37
148 223
8 244
101 153
266 174
268 203
180 101
290 56
255 318
302 357
70 330
147 270
111 65
94 11
187 106
380 38
109 235
261 139
176 72
215 297
254 348
220 385
102 272
340 176
50 183
292 200
136 202
201 178
334 118
205 53
155 343
198 310
257 17
187 208
371 111
66 332
23 240
6 328
318 78
16 98
290 74
102 322
331 276
119 102
30 24
276 248
297 277
244 127
359 113
29 267
269 284
109 221
375 243
14 16
163 269
4 238
263 229
174 349
123 318
381 132
382 18
240 114
59 221
42 127
18 270
155 251
323 23
325 370
60 180
377 199
323 164
209 192
162 250
254 187
95 7
23 217
44 173
287 268
382 351
70 295
385 368
352 88
82 209
331 76
330 21
253 308
347 307
149 62
374 221
128 247
3 194
363 221
204 126
167 330
319 192
330 113
224 25
48 284
251 170
109 200
184 353
351 159
28 82
47 246
230 178
21 386
2 126
277 296
119 213
283 4
51 96
372 25
72 266
328 223
38 244
86 224
252 19
163 344
334 363
350 181
17 133
119 317
303 97
157 326
239 387
333 5
245 163
96 316
385 1
341 54
384 199
267 178
289 129
364 8
87 334
308 10
280 182
279 70
344 147
49 149
92 237
112 302
25 361
16 36
3 318
152 217
136 328
159 312
218 147
273 209
193 282
5 50
89 230
307 270
381 299
182 243
318 292
210 341
113 169
23 284
25 165
298 269
361 29
368 168
127 297
114 283
155 170
231 383
17 378
127 190
364 284
245 47
376 231
50 15
305 285
267 274
233 305
128 278
86 37
51 69
382 42
281 296
17 371
97 315
85 100
103 2
94 242
260 363
371 53
118 148
353 261
244 231
207 29
246 72
319 130
29 163
273 38
387 76
29 340
234 341
243 250
120 130
235 7
291 332
351 275
100 17
213 350
303 11
52 220
292 280
296 219
7 137
318 59
249 221
157 316
140 340
201 149
222 232
95 378
376 141
235 111
187 256
187 57
283 277
279 321
361 249
159 330
41 1
192 217
245 146
11 336
103 227
260 14
189 160
325 123
112 211
285 328
328 288
40 372
385 274
43 282
107 332
327 70
93 294
221 273
21 303
160 95
265 264
139 201
51 283
133 281
25 147
34 195
37 385
40 379
332 105
215 113
163 196
385 66
230 156
133 335
190 179
173 169
315 56
172 359
251 16
254 63
185 207
370 245
285 124
161 182
373 201
375 245
255 350
316 383
262 146
30 323
106 272
108 44
129 207
149 260
301 126
186 379
314 308
10 45
106 121
25 245
172 124
295 326
263 228
81 207
154 248
169 249
42 15
176 64
300 177
301 136
335 19
373 332
263 221
71 174
383 295
185 292
7 269
338 100
240 131
69 187
271 5
275 62
177 202
272 226
57 327
134 77
86 127
264 11
48 200
178 58
236 260
286 225
101 174
17 87
181 326
279 51
64 347
33 311
125 382
125 169
77 172
281 206
40 6
140 234
36 352
122 374
286 232
253 11
163 296
313 257
153 194
207 51
190 89
121 182
323 101
345 144
143 77
292 326
257 279
353 336
342 231
198 24
133 200
360 13
71 108
254 212
74 109
112 296
280 334
368 352
159 355
194 31
218 137
168 264
370 179
43 317
54 1
107 198
39 239
231 217
297 56
336 13
267 170
327 140
4 177
62 1
137 283
243 175
41 266
9 337
57 61
150 88
378 387
79 83
317 175
180 44
200 237
208 264
176 374
15 146
353 212
267 263
4 16
23 195
217 195
255 287
170 126
337 28
192 116
268 185
144 146
368 192
315 126
82 159
30 88
86 149
347 244
183 191
97 314
162 169
85 99
168 198
249 362
311 221
359 298
163 90
36 212
40 218
203 262
81 8
216 326
99 51
193 42
380 115
131 259
351 274
7 123
173 324
35 319
225 157
383 169
348 93
369 192
4 292
304 155
16 346
135 46
48 293
377 241
218 93
283 35
27 164
335 354
71 356
95 354
23 1
247 248
106 2
60 10
334 18
126 287
20 338
3 250
97 11
32 288
217 223
130 235
325 336
82 317
355 361
231 266
107 335
109 95
245 154
15 256
343 151
112 225
227 125
212 271
92 223
295 346
29 18
221 163
296 177
22 60
301 11
140 322
53 256
271 249
3 385
137 253
106 116
41 345
259 302
373 207
129 68
94 214
369 386
151 288
154 68
45 276
119 107
10 35
176 263
140 200
323 184
2 233
232 126
219 165
374 121
60 200
297 138
136 243
194 89
216 385
16 302
34 69
204 277
321 90
177 384
52 272
365 258
13 305
34 237
57 308
14 255
53 283
220 146
253 313
258 145
348 341
152 248
84 357
139 271
35 206
129 277
321 187
176 349
306 260
127 150
293 309
353 189
145 63
362 293
91 155
279 258
91 325
113 283
313 359
297 253
39 195
25 94
136 119
318 270
319 83
252 22
307 238
340 46
346 95
174 55
216 172
46 109
113 90
313 360
324 134
324 21
218 109
384 194
241 260
320 378
230 171
305 320
312 89
245 363
104 155
200 249
206 382
83 241
14 219
274 124
367 297
204 253
187 159
331 177
281 214

270 166
76 188
188 172
186 189
189 116
44 190
190 187
54 191
191 150
123 192
192 120
28 193
193 137
87 194
194 157
139 195
195 166
35 196
196 107
58 197
197 169
89 198
198 122
145 199
199 117
169 200
200 75
82 201
201 178
10 202
202 52
56 203
203 12
185 204
204 181
117 205
205 12
2 206
206 78
97 207
207 1
124 208
208 179
167 209
209 41
148 210
210 109
17 211
211 165
90 212
212 117
84 213
213 76
103 214
214 47
140 215
215 187
144 216
216 36
129 217
217 121
139 218
218 159
93 219
219 138
153 220
220 64
95 221
221 113
40 222
222 137
62 223
223 70
97 224
224 60
93 225
225 98
96 226
226 55
60 227
227 123
32 228
228 41
171 229
229 178
102 230
230 174
151 231
231 11
51 232
232 53
59 233
233 143
9 234
234 142
47 235
235 23
100 236
236 122
178 237
237 175
96 238
238 178
58 239
239 4
75 240
240 61
151 241
241 67
77 242
242 8
4 243
243 178
107 244
244 15
34 245
245 38
72 246
246 112
70 247
247 47
41 248
248 121
54 249
249 149
107 250
250 77
171 251
251 39
4 252
252 167
5 253
253 80
156 254
254 139
137 255
255 157
148 256
256 2
127 257
257 17
183 258
258 157
93 259
259 74
25 260
260 121
18 261
261 113
183 262
262 67
53 263
263 132
103 264
264 82
125 265
265 99
151 266
266 46
176 267
267 147
184 268
268 20
163 269
269 29
13 270
270 75

272 212
103 167
167 64
89 168
168 45
20 169
169 7
53 170
170 152
3 171
171 148
12 172
172 6
52 173
173 157
135 174
174 94
49 175
175 58
152 176
176 118
63 177
177 30
99 178
178 5
89 179
179 106
109 180
180 120
31 181
181 132
22 182
182 48
106 183
183 91
132 184
184 53
96 185
185 155
151 186
186 77
126 187
187 131
103 188
188 102
89 189
189 147
55 190
190 20
85 191
191 133
100 192
192 159
108 193
193 9
153 194
194 152
121 195
195 74
59 196
196 55
88 197
197 39
74 198
198 112
60 199
199 104
69 200
200 96
161 201
201 160
86 202
202 42
94 203
203 58
21 204
204 96
70 205
205 60
161 206
206 17
91 207
207 49
98 208
208 76
160 209
209 72
142 210
210 10
93 211
211 125
93 212
212 40
72 213
213 147
100 214
214 57
24 215
215 64
29 216
216 165
96 217
217 124
110 218
218 145
78 219
219 5
65 220
220 16
62 221
221 72
55 222
222 43
70 223
223 4
34 224
224 21
64 225
225 18
14 226
226 141
12 227
227 9
165 228
228 104
8 229
229 121
153 230
230 164
87 231
231 88
153 232
232 39
165 233
233 79
75 234
234 91
79 235
235 58
63 236
236 129
65 237
237 48
118 238
238 80
26 239
239 9
107 240
240 55
101 241
241 155
152 242
242 97
3 243
243 88
88 244
244 126
23 245
245 48
69 246
246 60
89 247
247 104
76 248
248 166
123 249
249 94
45 250
250 115
74 251
251 54
13 252
252 49
54 253
253 9
147 254
254 65
73 255
255 154
58 256
256 46
63 257
257 71
120 258
258 135
35 259
259 53
162 260
260 13
114 261
261 38
35 262
262 71
40 263
263 144
141 264
264 10
96 265
265 27
15 266
266 152
24 267
267 82
13 268
268 27
17 269
269 35
27 270
270 127
45 271
271 138
21 272
272 152

274 162
99 194
194 24
122 195
195 56
74 196
196 64
185 197
197 43
11 198
198 68
167 199
199 74
163 200
200 173
128 201
201 89
133 202
202 172
74 203
203 26
133 204
204 141
121 205
205 172
189 206
206 171
167 207
207 4
107 208
208 56
134 209
209 2
111 210
210 168
92 211
211 142
89 212
212 52
7 213
213 188
147 214
214 106
140 215
215 88
116 216
216 113
51 217
217 43
155 218
218 29
151 219
219 36
179 220
220 50
91 221
221 155
181 222
222 64
93 223
223 169
137 224
224 40
144 225
225 68
40 226
226 85
98 227
227 148
143 228
228 111
45 229
229 70
80 230
230 53
40 231
231 114
38 232
232 13
184 233
233 44
26 234
234 140
51 235
235 149
150 236
236 81
107 237
237 38
89 238
238 106
75 239
239 39
65 240
240 131
167 241
241 192
95 242
242 68
37 243
243 113
97 244
244 113
158 245
245 29
77 246
246 165
162 247
247 141
186 248
248 169
116 249
249 178
130 250
250 175
9 251
251 166
176 252
252 115
123 253
253 92
141 254
254 85
180 255
255 12
41 256
256 7
72 257
257 142
172 258
258 47
40 259
259 165
41 260
260 61
31 261
261 179
19 262
262 122
190 263
263 98
138 264
264 124
69 265
265 153
109 266
266 5
101 267
267 79
178 268
268 118
49 269
269 55
186 270
270 80
63 271
271 32
130 272
272 132
146 273
273 78
160 274
274 42

269 184
79 178
178 56
67 179
179 64
75 180
180 85
61 181
181 121
90 182
182 27
22 183
183 120
136 184
184 51
12 185
185 68
48 186
186 166
102 187
187 89
95 188
188 98
36 189
189 41
167 190
190 23
44 191
191 3
98 192
192 60
103 193
193 32
12 194
194 39
166 195
195 163
103 196
196 11
75 197
197 146
48 198
198 140
36 199
199 46
16 200
200 54
79 201
201 166
68 202
202 86
84 203
203 133
18 204
204 52
72 205
205 131
116 206
206 114
111 207
207 47
8 208
208 130
116 209
209 163
18 210
210 145
97 211
211 111
65 212
212 148
35 213
213 56
44 214
214 175
119 215
215 49
108 216
216 173
95 217
217 80
134 218
218 49
159 219
219 117
174 220
220 60
51 221
221 82
75 222
222 4
106 223
223 113
135 224
224 153
50 225
225 29
72 226
226 135
84 227
227 173
7 228
228 143
49 229
229 124
82 230
230 47
97 231
231 33
78 232
232 37
145 233
233 101
116 234
234 85
55 235
235 61
94 236
236 150
30 237
237 138
25 238
238 111
167 239
239 43
44 240
240 105
137 241
241 97
79 242
242 151
31 243
243 82
158 244
244 110
37 245
245 70
71 246
246 85
146 247
247 172
153 248
248 133
143 249
249 74
5 250
250 19
99 251
251 60
89 252
252 156
159 253
253 8
7 254
254 161
132 255
255 123
11 256
256 1
49 257
257 153
133 258
258 60
166 259
259 142
145 260
260 67
2 261
261 98
108 262
262 125
29 263
263 122
144 264
264 38
83 265
265 51
142 266
266 36
51 267
267 17
62 268
268 37
56 269
269 170
