828 1081
560 337
626 109
526 586
737 86
168 780
165 817
299 99
796 388
310 540
605 696
402 242
30 644
583 406
126 566
696 105
351 747
593 296
429 351
46 127
354 380
602 305
516 498
596 191
457 559
32 583
590 224
759 39
719 156
55 820
706 793
607 577
651 335
587 793
487 360
653 437
232 306
421 336
86 569
733 284
370 630
684 225
197 37
322 607
30 748
112 526
465 449
41 187
498 383
599 368
649 390
346 82
169 474
53 538
141 696
667 206
171 101
306 555
452 591
512 39
587 480
573 542
394 629
213 489
256 9
452 34
363 647
31 673
666 152
193 280
25 587
190 197
718 348
468 287
423 397
820 734
124 168
661 777
495 253
301 221
299 164
52 594
797 229
353 562
641 824
501 725
19 157
183 124
72 453
364 768
426 723
112 706
805 472
299 765
326 707
489 349
154 62
608 133
762 672
255 800
86 238
361 172
577 758
34 604
474 737
237 239
428 612
505 39
588 773
604 290
479 182
354 118
210 348
798 357
332 733
56 822
700 556
598 799
350 568
246 408
393 397
424 633
427 305
82 217
539 565
795 245
82 667
770 749
451 287
809 428
196 536
145 109
735 437
555 524
308 507
583 169
404 461
83 28
213 315
259 297
758 760
393 323
340 385
489 640
463 164
307 601
438 71
282 362
535 263
714 297
706 474
75 391
622 165
518 43
98 245
279 343
314 140
742 372
606 618
99 675
167 746
799 449
314 179
383 650
375 596
170 453
543 363
203 424
18 690
475 313
309 648
319 175
302 667
235 183
730 94
484 118
434 649
21 582
434 424
207 5
94 598
699 502
788 346
239 525
426 203
149 160
283 621
289 407
104 725
266 76
360 820
493 732
695 672
4 789
454 428
780 584
88 511
270 235
382 225
759 688
331 198
620 123
78 147
521 479
125 117
90 357
253 705
64 260
389 26
489 325
729 34
505 373
342 163
710 38
255 564
434 216
626 359
510 413
714 718
58 139
224 367
285 313
110 457
303 517
558 283
279 210
43 71
303 173
624 159
195 677
46 455
278 485
534 302
517 302
797 545
754 627
769 619
127 2
450 824
757 53
692 772
138 323
366 445
603 801
246 663
792 614
748 87
595 548
51 699
213 45
731 656
791 348
274 72
212 454
504 191
566 647
307 490
51 552
701 689
585 654
702 21
131 399
650 103
436 273
202 659
82 401
111 139
209 120
331 417
558 257
153 500
264 668
766 403
599 754
713 551
354 233
366 34
749 514
258 92
232 609
523 745
152 762
625 415
595 759
311 643
574 714
636 270
637 760
367 36
381 665
365 244
530 522
555 76
229 392
576 449
720 170
744 780
85 28
547 65
657 309
169 606
54 796
603 2
769 225
128 791
472 274
758 67
463 566
635 65
302 549
276 24
388 143
502 374
273 481
311 738
259 627
687 744
504 106
590 596
259 357
513 418
227 339
116 218
544 697
788 34
278 209
194 778
153 442
340 394
504 463
612 324
643 253
756 207
704 418
616 196
530 279
34 302
645 330
433 169
178 688
689 288
287 720
680 682
668 2
50 582
387 124
298 244
663 353
706 731
162 804
416 233
75 490
237 738
448 20
136 118
533 43
278 688
250 738
818 711
415 315
588 415
394 494
573 18
364 42
585 146
690 314
358 528
727 505
577 770
370 512
679 477
381 808
762 33
573 321
735 755
394 742
595 654
611 149
77 742
711 300
730 107
577 109
583 668
395 15
685 500
123 419
692 635
266 95
91 279
697 321
607 683
171 43
652 795
729 607
815 608
250 771
120 33
74 719
83 703
656 21
114 764
179 310
475 101
227 423
815 279
414 402
425 769
439 146
529 527
297 282
519 373
499 723
142 261
54 68
562 399
705 638
416 632
796 137
8 607
745 477
474 612
459 396
564 50
579 561
106 648
477 624
739 133
745 58
812 386
823 778
812 763
35 491
544 46
783 254
532 1
451 210
719 586
49 639
201 669
231 798
739 665
523 334
553 63
57 190
162 320
401 110
489 441
564 283
674 442
175 556
536 243
431 5
666 539
555 798
67 301
288 312
6 404
541 332
445 87
674 419
209 637
115 245
308 782
470 478
268 597
565 153
735 454
211 447
618 519
650 51
734 361
676 142
174 603
48 726
820 457
708 470
133 160
505 143
273 122
562 232
705 331
273 650
466 321
543 61
469 570
123 592
318 693
594 255
278 155
165 721
657 576
250 630
197 338
387 363
172 56
216 557
379 75
183 794
633 727
738 626
492 77
65 686
40 427
468 193
414 48
195 360
423 700
521 463
328 509
821 648
665 820
602 16
741 627
697 26
480 770
251 381
480 598
291 642
339 358
468 714
232 261
269 336
61 139
657 789
129 263
458 631
117 229
607 128
430 214
108 514
597 367
42 545
272 774
505 549
324 47
353 647
787 260
3 395
453 792
650 626
486 706
721 120
221 77
435 310
562 402
780 477
52 527
757 434
610 113
200 569
195 815
352 506
17 359
654 484
313 89
415 575
340 105
43 663
184 715
195 260
203 461
681 730
627 210
778 388
739 77
664 209
790 655
794 604
29 810
87 387
344 739
556 785
49 332
27 40
328 173
563 645
538 307
101 761
345 202
124 530
510 154
112 549
541 200
135 794
620 608
623 466
574 553
288 596
53 100
558 461
738 612
544 433
737 613
572 52
633 568
507 273
60 474
642 677
116 164
258 232
756 571
787 584
166 361
178 502
339 668
726 792
468 579
744 76
349 798
808 252
663 132
648 592
34 436
186 415
373 361
564 412
256 219
399 787
123 674
374 138
592 498
433 367
333 118
511 11
606 596
286 565
533 214
822 575
570 232
684 31
295 404
780 253
547 218
236 636
653 618
130 324
395 464
414 460
537 464
299 209
276 691
574 251
457 623
462 83
201 419
302 402
100 635
448 460
370 413
823 229
260 25
365 62
368 750
524 828
370 54
487 87
56 626
820 781
651 519
587 522
827 385
313 190
644 40
789 534
603 173
6 20
64 752
342 263
268 624
689 122
276 32
314 582
237 193
675 162
94 805
659 432
489 502
402 589
630 115
609 261
540 45
356 54
666 582
283 287
390 167
815 513
272 109
561 785
745 76
806 227
804 628
730 614
641 425
461 217
818 772
481 4
49 821
808 706
376 664
103 799
46 53
406 294
53 6
505 277
581 770
655 676
771 591
648 56
298 747
472 178
500 419
619 34
823 599
822 709
695 308
168 702
636 737
214 106
821 621
331 749
474 750
375 74
634 663
784 510
587 546
409 262
619 75
249 634
485 377
695 782
8 477
544 164
287 148
322 314
357 674
795 374
785 153
22 451
29 28
380 121
776 279
561 426
692 770
321 496
150 410
777 278
12 82
674 409
625 535
402 575
601 789
808 116
382 71
508 435
96 297
592 176
793 81
721 476
462 420
499 816
12 467
594 212
271 125
333 349
347 798
272 212
783 558
820 462
472 116
268 674
594 793
53 439
277 683
324 113
113 33
242 561
213 163
282 319
345 749
468 700
702 447
728 450
474 400
288 163
521 448
29 615
685 2
667 539
629 64
233 573
713 533
684 170
518 126
530 80
42 218
580 697
300 62
28 91
257 135
48 825
359 449
801 768
679 349
598 703
810 28
447 576
295 9
53 212
719 721
433 743
50 623
821 449
775 166
167 430
513 196
452 272
36 717
201 402
780 164
81 278
338 668
609 522
180 561
715 685
535 804
618 805
235 417
565 571
792 497
399 35
94 713
656 29
344 367
18 144
666 729
317 184
515 349
641 509
503 230
537 713
92 632
64 609
98 423
673 291
314 276
126 661
160 580
326 63
234 422
705 114
479 532
688 475
42 78
419 755
813 731
657 314
613 225
67 827
233 154
319 797
639 551
789 9
646 700
216 348
649 426
476 686
136 689
817 13
795 361
429 544
596 464
337 434
254 172
594 397
182 22
556 231
366 270
208 381
817 545
84 619
285 566
469 644
82 134
149 42
138 25
640 712
700 153
748 387
371 277
523 71
45 44
5 458
104 258
423 268
377 325
353 337
176 215
171 307
190 560
376 536
44 414
274 769
298 471
507 828
691 298
511 171
635 3
226 595
353 89
471 799
258 466
198 796
360 288
122 240
140 422
303 348
663 707
732 751
798 506
768 685
434 338
283 375
601 291
675 492
342 109
443 469
745 610
119 503
193 641
304 225
448 368
20 731
697 446
788 104
590 180
825 584
486 90
262 499
269 567
519 608
92 187
341 348
511 773
67 116
115 142
55 803
675 26
607 382
452 315
792 55
172 176
270 724
696 644
730 51
353 385
557 384
258 455
5 767
505 369
430 613
90 55
294 614
399 236
366 236
346 126
359 80
783 295
33 807
686 547
653 413
825 311
143 80
192 819
654 284
396 52
177 807
816 552
503 765
17 91
204 425
287 602
190 182
103 772
524 637
78 673
809 59
100 86
255 643
335 787
446 306
543 224
675 539
324 733
553 106
296 176
484 806
611 438
115 189
239 254
494 679
803 530
193 81
54 260
4 761
692 659
144 788
1 701
455 125
420 161
651 6
638 710
426 657
629 698
500 344
560 233
681 213
261 103
106 819
9 681
84 800
192 38
287 141
13 8
152 236
476 493
420 521
666 6
9 428
134 398
294 563
258 784
524 33
798 384
280 147
648 470
506 584
770 353
436 714
771 297
749 306
708 694
716 555
218 650
393 690
695 38
487 105
338 139
531 218
566 693
347 609
408 209
335 667
333 364
595 553
693 698
246 504
171 261
108 205
803 449
331 586
295 626
683 687
309 102
80 142
220 423
274 237
622 706
664 285
460 192
314 447
783 144
63 293
371 683
775 620
544 592
523 788
531 118
93 578
374 720
807 733
505 118
424 282
