869
9 435
110 505
405 135
653 656
49 37
731 4
89 8
130 253
393 210
840 315
105 815
787 442
727 87
854 173
244 366
51 740
446 101
67 271
46 164
651 140
96 655
217 771
778 28
455 820
262 180
140 22
344 285
26 11
42 323
356 235
491 788
588 134
516 817
412 511
82 150
254 679
320 5
37 178
575 215
722 653
90 242
102 121
142 28
45 75
9 6
386 103
641 749
701 1
547 742
23 88
139 162
126 469
403 27
64 7
786 485
307 258
334 635
353 782
498 319
141 504
92 139
225 382
532 454
162 278
50 213
110 311
406 412
632 858
265 176
127 211
91 93
134 599
17 51
770 497
249 595
158 39
466 393
759 623
19 69
316 42
513 697
387 791
47 39
369 292
351 408
153 77
41 694
564 102
71 96
102 409
473 348
390 36
4 2
674 538
634 420
627 398
239 457
578 26
19 493
316 383
275 241
548 604
219 244
108 251
497 51
87 491
270 354
388 422
65 282
270 246
304 11
642 104
255 279
250 118
356 630
321 38
733 595
132 174
61 348
177 10
270 291
494 219
431 228
350 792
182 272
231 489
3 6
647 528
183 59
43 424
621 806
582 233
319 389
1 87
849 677
41 127
245 12
12 190
39 261
444 442
241 502
342 414
256 229
194 811
650 338
649 626
192 358
563 513
259 711
310 322
49 212
117 607
268 319
49 77
428 145
416 869
219 151
714 141
185 27
488 72
25 166
615 444
32 337
3 7
624 23
62 368
110 690
349 208
93 105
402 543
28 30
11 633
279 593
476 12
613 197
84 77
293 60
719 398
283 22
331 693
581 657
88 682
530 162
215 213
63 507
141 73
42 3
790 385
492 44
228 450
185 766
360 221
164 227
137 301
100 238
842 209
83 254
158 302
281 76
34 20
807 816
454 748
539 269
447 569
269 760
105 438
69 192
411 362
584 129
275 667
554 234
6 143
295 549
730 139
41 114
118 95
203 11
262 484
315 42
152 148
465 687
586 321
462 119
40 331
286 212
841 773
83 456
541 484
32 490
327 557
107 789
534 255
245 483
42 208
292 42
831 2
210 385
618 563
524 37
648 92
670 502
669 739
33 163
26 214
40 66
750 376
774 150
723 331
527 6
46 317
556 61
470 850
199 699
117 109
181 3
55 481
175 171
412 809
392 87
61 57
39 712
204 804
41 560
388 226
762 714
677 634
709 169
44 437
529 131
55 510
214 309
505 663
823 806
216 241
150 184
148 577
333 300
704 546
200 865
862 345
207 306
14 643
135 39
326 797
243 353
19 361
160 460
15 21
123 342
209 125
503 471
708 126
35 669
100 755
24 13
227 255
378 78
139 159
122 757
415 559
665 119
97 8
23 37
45 855
107 23
421 313
400 245
426 115
252 183
16 154
123 866
104 70
171 141
330 157
12 20
169 26
210 136
641 391
349 555
515 12
202 514
312 410
268 51
3 327
129 99
706 47
313 207
368 487
728 112
4 8
636 263
84 100
89 796
236 568
14 6
567 511
185 338
27 48
3 329
351 376
94 765
507 579
35 793
279 406
611 254
1 18
205 14
185 848
311 418
448 368
603 597
128 201
466 520
239 860
298 129
200 544
622 845
273 141
364 322
441 468
294 126
35 67
463 445
82 35
69 248
565 535
19 92
612 145
422 763
692 509
222 310
44 65
226 2
485 271
211 626
95 75
213 224
72 2
165 158
224 371
95 439
147 461
46 21
258 15
538 23
11 2
486 46
40 115
675 167
573 323
95 300
585 721
846 457
852 627
312 232
195 14
70 98
624 644
220 499
334 585
832 60
576 294
340 199
405 540
81 30
86 222
752 319
429 148
137 132
317 336
66 397
856 632
384 126
17 14
246 521
225 233
1 228
170 591
14 452
551 525
2 472
475 225
420 231
317 800
7 15
369 868
130 7
148 111
52 30
7 43
302 696
640 325
92 509
259 210
600 448
58 5
558 464
684 40
732 259
394 383
167 57
2 3
631 165
653 561
638 564
124 73
53 68
110 3
47 90
383 716
105 598
225 391
296 339
308 89
129 325
27 197
847 207
145 46
639 401
27 18
94 305
133 74
516 394
206 432
92 225
63 136
700 681
441 94
71 31
85 99
480 282
58 246
110 138
36 25
812 55
286 761
80 659
19 106
736 553
353 359
571 155
436 859
412 589
171 365
1 2
661 451
664 531
734 598
204 609
157 380
681 52
715 260
158 601
559 685
416 662
806 830
442 652
40 6
348 622
25 31
184 546
522 590
46 126
202 343
405 443
542 428
132 269
40 628
228 837
449 344
189 180
236 387
54 60
752 802
28 13
237 741
56 4
710 717
547 402
671 107
772 755
371 416
65 295
355 327
59 423
247 65
124 206
54 277
374 233
52 357
218 102
673 75
654 590
106 123
501 182
168 188
281 621
594 130
106 522
159 746
439 863
436 284
33 1
273 683
347 342
364 583
22 14
705 271
268 362
69 122
390 454
41 26
88 111
548 67
59 102
356 839
455 33
625 618
13 221
615 828
105 314
795 75
1 12
232 297
435 535
51 70
23 55
447 285
280 151
304 377
813 236
312 844
110 688
324 117
465 260
525 166
154 495
101 92
104 698
172 53
769 571
240 616
4 73
407 106
758 62
225 537
179 159
240 101
645 534
4 38
211 779
54 18
364 767
152 207
202 260
56 79
160 60
217 363
734 825
617 393
63 781
720 332
151 42
289 148
115 290
150 199
357 367
230 131
702 292
13 3
31 108
370 213
335 257
142 427
16 4
777 558
32 13
508 307
318 528
864 702
10 632
227 276
57 50
120 851
433 150
529 658
111 738
523 262
47 506
726 753
644 725
768 111
178 496
562 136
75 580
835 405
550 194
230 735
674 764
471 517
245 379
132 109
298 545
614 319
100 187
318 88
827 732
134 29
205 425
194 470
358 775
493 513
703 359
77 155
173 72
780 132
331 345
555 785
402 33
379 531
63 37
341 225
287 224
76 37
119 372
266 12
836 386
26 53
569 822
498 610
819 92
58 128
826 179
263 105
861 590
156 552
824 606
267 141
125 26
351 459
689 617
21 59
243 118
603 713
197 440
399 243
39 32
148 194
78 157
296 12
149 95
327 413
91 112
328 95
249 215
784 759
838 723
346 131
162 794
108 180
105 161
181 234
220 202
49 144
538 666
21 35
500 335
463 477
522 745
239 375
93 191
500 570
451 194
10 25
161 235
202 171
505 743
344 404
853 446
113 87
810 685
680 86
25 637
474 243
21 74
58 86
493 587
676 404
395 25
185 807
398 387
8 147
205 229
834 579
84 91
638 672
110 332
843 558
805 439
94 78
737 583
383 566
73 274
348 814
597 41
353 464
130 186
38 326
208 803
833 218
205 216
51 196
255 533
747 133
98 103
132 445
415 776
10 4
208 519
246 678
440 821
592 130
401 114
285 100
375 482
325 471
867 368
53 217
303 271
818 354
47 120
801 661
267 608
707 545
50 43
168 288
449 695
22 232
156 31
199 334
116 41
633 751
193 86
419 157
829 789
415 402
574 245
1 5
23 22
401 417
141 264
96 231
149 299
629 857
340 605
444 744
478 146
236 15
724 100
257 220
33 799
64 131
390 518
11 80
329 646
572 71
578 783
200 57
156 350
38 44
351 660
463 686
83 54
166 434
668 460
479 393
602 41
44 45
596 219
311 430
726 134
78 31
640 729
718 8
215 691
18 19
109 48
99 381
773 307
182 74
200 237
215 710
615 798
88 119
144 284
536 145
20 62
453 420
109 146
187 620
137 467
