20
0.00 0.53 1.14 0.88 1.04 0.56 1.61 0.50 1.07 1.19 0.83 1.15 1.54 1.46 1.06 1.27 0.98 0.54 1.30 1.20
0.53 0.00 1.46 0.91 0.78 0.77 1.39 0.90 1.32 0.57 1.10 1.03 1.04 1.54 0.81 0.86 0.78 0.52 1.45 1.85
1.14 1.46 0.00 1.32 1.28 1.13 0.59 0.83 0.58 1.32 0.86 0.95 1.04 0.60 1.49 0.88 0.76 1.15 0.60 0.33
0.88 0.91 1.32 0.00 0.49 1.28 1.13 1.63 1.33 0.95 1.10 1.07 0.89 1.17 0.39 1.03 1.72 0.97 0.66 1.03
1.04 0.78 1.28 0.49 0.00 1.67 1.18 1.67 1.41 1.21 1.05 1.24 1.32 1.46 0.37 0.61 1.72 0.35 1.23 0.96
0.56 0.77 1.13 1.28 1.67 0.00 1.40 0.25 1.13 0.55 1.14 1.01 0.75 0.78 1.23 1.15 0.34 1.20 0.94 1.34
1.61 1.39 0.59 1.13 1.18 1.40 0.00 1.46 0.32 1.11 0.90 0.40 0.90 0.40 1.36 0.99 0.96 1.60 0.52 0.76
0.50 0.90 0.83 1.63 1.67 0.25 1.46 0.00 0.92 0.93 0.83 1.17 1.08 1.03 1.45 1.21 0.32 0.92 1.28 1.09
1.07 1.32 0.58 1.33 1.41 1.13 0.32 0.92 0.00 1.17 0.51 0.63 1.33 0.62 1.70 1.40 0.94 1.31 0.63 0.75
1.19 0.57 1.32 0.95 1.21 0.55 1.11 0.93 1.17 0.00 1.15 1.07 0.34 0.82 0.89 0.88 0.66 1.13 0.72 1.62
0.83 1.10 0.86 1.10 1.05 1.14 0.90 0.83 0.51 1.15 0.00 0.57 1.26 0.80 0.91 0.82 1.03 0.91 1.03 0.94
1.15 1.03 0.95 1.07 1.24 1.01 0.40 1.17 0.63 1.07 0.57 0.00 0.84 0.42 0.90 0.68 0.70 1.56 0.89 1.18
1.54 1.04 1.04 0.89 1.32 0.75 0.90 1.08 1.33 0.34 1.26 0.84 0.00 0.58 0.73 0.71 0.62 1.58 0.66 1.28
1.46 1.54 0.60 1.17 1.46 0.78 0.40 1.03 0.62 0.82 0.80 0.42 0.58 0.00 1.12 0.72 0.67 1.72 0.32 0.69
1.06 0.81 1.49 0.39 0.37 1.23 1.36 1.45 1.70 0.89 0.91 0.90 0.73 1.12 0.00 0.39 1.38 0.80 1.17 1.21
1.27 0.86 0.88 1.03 0.61 1.15 0.99 1.21 1.40 0.88 0.82 0.68 0.71 0.72 0.39 0.00 0.81 0.83 1.11 1.05
0.98 0.78 0.76 1.72 1.72 0.34 0.96 0.32 0.94 0.66 1.03 0.70 0.62 0.67 1.38 0.81 0.00 1.30 1.15 1.34
0.54 0.52 1.15 0.97 0.35 1.20 1.60 0.92 1.31 1.13 0.91 1.56 1.58 1.72 0.80 0.83 1.30 0.00 1.52 1.08
1.30 1.45 0.60 0.66 1.23 0.94 0.52 1.28 0.63 0.72 1.03 0.89 0.66 0.32 1.17 1.11 1.15 1.52 0.00 0.61
1.20 1.85 0.33 1.03 0.96 1.34 0.76 1.09 0.75 1.62 0.94 1.18 1.28 0.69 1.21 1.05 1.34 1.08 0.61 0.00
