5 5
2.9
3.866 9.405 20.318 8.318 19.713
1.680 19.225 7.888 3.639 10.666
6.030 4.215 9.760 3.584 2.727
1.240 16.040 2.771 8.005 18.230
4.805 15.704 19.485 5.076 5.614
6.988 3.822 8.430 7.627 19.316
13.320 4.705 12.776 13.427 20.875
4.880 10.811 4.410 8.891 2.000
14.832 0.234 1.112 6.252 8.448
7.912 8.963 9.980 0.044 5.315
5.704 3.723 6.565 7.735 7.401
5.867 5.184 0.541 9.599 10.021
11.977 4.764 17.617 11.341 2.382
1.321 5.525 5.856 14.227 17.989
5.795 12.094 11.859 12.668 0.389
2.279 5.000 5.912 3.601 9.416
19.825 3.948 3.476 5.908 4.560
1.864 5.915 5.365 16.414 9.124
13.673 16.030 5.446 7.194 2.603
1.198 4.733 3.890 3.988 11.034
3.705 5.222 13.305 15.915 2.484
1.069 8.677 3.566 10.079 7.935
7.156 7.928 10.743 5.114 12.645
15.819 3.029 6.595 15.933 9.020
1.320 12.054 19.018 20.263 2.716
2.007 7.168 10.889 4.063 5.224
1.086 13.874 2.810 3.933 24.201
1.758 2.080 5.320 3.772 3.610
8.495 2.840 8.990 5.069 22.224
8.040 6.807 10.405 1.431 12.360
9.751 2.184 3.568 9.947 8.940
9.056 9.436 2.916 8.643 12.112
8.528 7.940 7.963 11.504 7.007
8.873 2.819 14.940 0.212 0.097
9.062 4.953 5.728 5.199 5.101
1.433 8.116 10.437 2.569 5.250
21.504 3.785 23.287 7.419 0.903
4.215 7.248 6.107 8.045 16.427
0.709 9.715 1.823 2.830 17.315
14.752 11.883 0.495 3.059 15.766
7.146 14.968 11.761 2.127 34.330
9.493 12.301 8.443 5.689 4.808
0.981 0.982 0.174 4.799 2.253
8.414 11.067 1.353 7.183 18.066
9.133 20.162 4.982 0.399 13.072
14.500 16.628 1.649 20.392 6.456
11.528 7.915 11.736 11.255 1.189
6.201 3.984 12.975 9.649 16.326
3.423 14.951 4.463 0.757 10.200
6.565 13.359 11.270 1.120 20.054
9.712 3.352 1.466 4.015 7.325
17.364 14.869 1.286 9.120 4.555
31.351 15.929 5.307 4.452 4.714
9.972 6.694 5.545 4.297 10.029
8.516 6.232 7.333 1.426 7.214
17.787 4.591 0.449 6.509 4.020
8.924 5.562 5.699 6.904 3.816
10.896 18.916 1.301 8.330 15.262
14.300 7.348 11.185 2.168 7.754
4.410 24.160 0.799 5.704 10.622
9.383 23.489 25.761 2.177 17.376
8.350 11.679 13.889 7.352 4.667
1.903 0.601 8.000 2.614 6.612
9.821 1.836 0.809 1.907 15.866
6.759 1.896 4.076 3.961 18.910
6.099 16.914 2.401 5.204 12.602
17.168 12.376 0.612 4.444 5.294
3.294 11.417 12.406 10.100 22.782
4.225 12.343 5.271 12.945 0.344
2.886 11.143 11.589 3.753 11.313
7.640 1.190 2.421 0.159 4.417
7.084 7.594 3.336 8.923 3.261
10.360 22.230 9.353 0.951 4.090
8.019 0.829 4.271 4.936 4.797
14.096 0.749 5.957 12.637 20.036
6.930 3.748 4.159 12.298 1.609
10.803 15.601 16.909 15.762 15.073
8.485 5.339 7.295 4.448 13.398
7.978 1.835 3.605 5.837 5.809
1.049 17.468 4.094 0.933 9.662
2.073 3.931 8.211 16.110 0.812
1.319 8.387 2.720 15.610 1.406
3.832 11.049 6.434 5.732 8.287
6.042 10.513 16.121 6.391 28.908
4.859 5.430 2.634 22.089 1.274
7.487 0.237 3.002 4.519 2.935
0.311 6.433 8.846 1.853 2.196
5.548 3.499 8.607 3.207 3.664
1.914 7.975 4.464 14.229 4.452
7.508 6.600 7.811 2.827 1.342
13.583 0.690 9.512 0.385 1.677
10.537 8.152 2.136 0.927 8.427
1.495 2.924 17.804 14.142 12.656
22.632 9.213 11.995 8.922 1.556
4.503 4.055 16.646 12.149 17.614
19.150 10.850 12.672 5.572 5.588
0.221 6.791 10.280 9.725 21.742
9.655 1.013 4.231 10.302 6.206
4.135 12.520 6.129 8.009 10.262
1.007 15.354 4.952 0.503 13.065
1.842 2.387 9.687 0.662 8.899
10.875 1.792 13.652 2.379 7.085
3.635 16.839 9.232 4.488 9.553
12.908 3.583 1.297 6.893 13.638
17.490 10.147 0.563 4.287 9.719
0.466 8.650 5.117 6.632 11.075
15.402 11.697 5.951 10.014 5.645
3.919 1.155 9.313 0.016 6.583
6.369 7.538 8.320 14.070 2.608
10.361 20.975 11.054 3.877 10.224
2.467 0.717 5.053 2.161 0.615
1.848 24.526 0.772 10.165 7.417
3.176 3.632 1.721 0.391 2.928
6.999 10.653 4.015 12.173 7.740
22.656 5.955 0.940 8.639 2.844
3.605 13.865 8.108 3.375 6.957
4.078 3.383 15.280 7.457 0.032
3.345 6.527 8.434 6.136 20.093
5.064 1.654 12.190 2.603 1.125
1.793 3.454 11.231 6.903 12.746
8.814 7.818 22.185 12.560 5.690
4.719 1.018 8.493 14.309 1.823
4.431 7.798 8.615 0.001 5.495
3.935 11.719 6.958 4.403 0.639
7.482 3.005 4.147 10.516 1.903
14.966 19.958 8.819 6.504 12.821
1.821 4.614 5.586 0.055 0.171
6.323 5.390 9.621 0.040 10.417
4.625 2.157 8.472 2.688 0.118
3.612 0.283 0.879 2.262 5.630
9.494 9.035 4.525 0.527 4.162
5.314 1.720 5.718 17.293 7.872
13.808 3.569 10.761 6.391 8.862
5.370 6.189 1.743 0.871 25.717
2.918 9.043 28.874 3.372 2.490
6.035 0.917 11.666 12.738 21.499
9.483 4.301 10.431 2.260 14.223
12.402 0.689 0.188 6.171 8.864
10.065 3.902 3.166 23.332 3.666
6.843 8.975 11.100 3.771 14.837
5.128 10.805 7.584 2.419 8.641
14.384 2.271 1.190 2.815 12.950
10.235 19.663 24.302 10.868 1.097
21.310 6.587 8.828 4.210 10.204
23.314 7.325 5.280 10.958 2.964
0.770 5.222 2.029 15.945 10.943
5.016 0.983 16.315 13.145 3.485
6.376 21.080 2.501 18.707 2.719
2.016 3.985 10.085 5.877 17.585
2.155 4.202 11.031 6.993 5.595
9.073 9.391 18.060 14.514 2.132
7.706 21.474 6.849 20.164 22.431
2.260 0.472 4.699 28.507 5.561
0.630 11.483 9.539 17.449 7.836
8.002 17.025 2.929 7.604 5.591
12.923 11.213 1.364 4.641 10.453
7.719 3.851 1.238 0.822 26.783
16.436 1.192 6.136 2.208 5.286
4.095 4.989 4.770 13.567 5.702
5.645 11.548 2.893 4.031 18.480
5.929 5.470 1.408 2.155 3.441
2.045 2.142 7.429 15.298 6.038
9.111 3.073 7.826 5.201 4.053
1.242 4.219 9.726 6.848 10.935
4.377 0.672 0.043 2.954 4.882
6.718 15.189 13.795 0.694 1.650
3.280 0.483 12.438 3.241 16.252
4.870 5.866 6.283 11.127 2.348
0.222 9.855 6.763 22.026 2.512
10.416 0.149 7.616 6.238 9.114
12.086 19.686 15.638 4.633 3.915
4.811 10.473 5.282 7.629 4.127
5.734 7.882 8.848 15.069 11.819
7.255 2.415 4.955 0.876 2.802
10.140 15.358 6.680 17.562 3.519
6.545 1.893 1.606 6.350 21.310
6.512 16.692 11.635 3.527 8.936
7.267 26.244 8.355 0.921 11.343
6.817 6.432 6.248 3.362 10.199
3.872 13.733 10.195 9.388 8.006
9.069 21.528 6.468 17.259 6.477
18.214 6.789 1.000 3.331 3.588
3.088 0.833 1.262 3.529 11.647
2.450 4.391 2.723 4.434 2.701
14.564 9.395 7.251 12.095 2.786
1.284 10.097 9.367 17.904 3.316
22.717 5.871 9.190 17.581 2.802
0.021 0.702 10.954 5.281 0.470
15.115 5.486 1.566 3.197 19.532
2.126 4.107 18.965 20.844 6.306
5.531 1.112 2.430 3.448 12.829
0.901 19.802 4.985 12.863 4.369
11.386 9.005 17.678 1.891 4.025
11.176 3.116 23.837 14.341 7.762
4.172 6.278 12.753 4.866 8.769
2.194 5.533 2.107 4.552 8.800
3.528 11.820 10.205 17.192 28.312
13.598 8.164 1.063 5.600 0.135
8.327 10.302 7.841 5.985 3.726
1.377 12.714 0.151 11.986 6.025
4.568 17.790 1.790 13.173 4.138
4.645 8.489 4.323 3.012 6.939
8.601 10.286 11.068 2.925 7.946
20.867 0.724 12.242 2.504 2.355
2.697 5.504 8.494 17.460 1.210
7.391 8.576 4.515 3.954 14.848
3.447 0.042 13.848 5.410 19.539
0.231 1.297 13.639 17.800 1.820
14.350 2.727 1.676 13.429 7.572
15.411 14.786 15.051 4.797 1.352
11.589 9.716 2.919 3.622 0.778
13.207 1.689 0.872 3.795 5.074
0.440 0.026 5.653 12.627 7.151
9.583 7.534 8.685 9.118 23.655
2.505 14.447 10.972 1.789 4.085
10.266 1.257 14.928 10.000 12.833
7.399 4.774 20.432 17.571 19.305
6.868 4.194 0.398 14.053 9.495
12.191 4.048 9.175 0.400 30.157
18.229 4.019 20.225 26.894 0.931
1.913 12.340 8.181 6.234 14.658
18.600 3.917 0.081 8.105 4.443
3.867 19.119 13.388 6.274 1.191
2.812 1.939 11.480 5.454 9.264
8.293 5.470 13.524 6.101 4.884
1.563 3.899 1.868 3.042 0.844
1.189 14.720 24.354 10.541 13.026
3.377 4.555 19.476 14.807 11.226
4.156 3.470 18.031 12.745 3.499
5.607 5.145 23.361 3.652 0.546
3.976 18.391 0.181 3.344 11.587
18.469 4.376 2.739 8.057 10.188
7.147 1.699 0.967 16.614 2.845
2.583 1.193 6.213 9.261 2.213
6.375 6.355 0.283 2.574 3.737
22.493 19.773 4.622 5.787 26.583
15.481 2.561 5.650 2.331 4.919
11.392 2.037 5.685 1.119 5.436
3.850 4.834 7.130 18.327 9.192
18.771 3.684 2.709 17.219 17.761
13.854 2.004 16.141 18.413 2.216
1.356 10.861 15.625 9.121 1.668
9.338 1.703 7.551 16.919 2.994
15.469 5.804 14.692 7.226 4.490
17.229 9.041 8.024 2.594 18.164
0.948 3.510 0.704 3.802 20.322
2.490 4.087 8.048 27.632 21.605
3.164 14.582 0.847 7.311 3.359
13.163 27.588 8.808 7.959 1.904
5.842 19.389 3.658 1.874 5.234
3.694 6.179 25.847 11.830 10.127
1.767 15.258 9.171 13.582 24.784
19.859 8.078 17.723 5.808 25.575
4.314 6.955 11.913 0.899 0.293
18.454 15.485 8.336 4.535 14.810
0.864 15.215 0.318 1.354 5.380
3.218 17.821 5.882 4.171 2.151
6.050 13.805 3.171 4.410 4.757
7.983 0.212 2.460 13.514 5.135
13.202 5.569 7.795 3.768 7.264
10.764 5.408 7.981 5.370 11.174
4.434 13.106 8.219 7.888 6.618
6.223 7.073 14.862 16.062 5.337
0.272 11.602 4.859 4.957 3.139
2.241 10.327 1.039 0.458 5.665
0.260 15.477 3.188 7.687 13.615
16.981 14.401 10.326 19.480 14.785
5.017 5.773 0.278 1.912 0.311
2.312 2.242 0.409 1.160 3.805
7.911 2.375 13.733 12.417 13.048
0.899 0.694 5.311 10.119 2.438
23.107 2.781 17.142 17.984 5.279
4.398 1.814 1.458 0.353 3.751
0.571 4.794 6.352 8.991 4.929
3.641 2.414 18.422 16.715 9.029
13.991 0.590 2.024 12.111 11.784
10.012 14.509 19.328 0.030 3.728
13.784 4.817 4.801 14.117 12.909
12.613 7.164 4.862 6.495 10.888
9.302 3.783 0.189 12.205 11.558
10.662 9.358 5.493 0.616 1.627
6.054 5.750 4.868 7.296 0.568
8.558 9.531 3.439 13.788 1.101
6.965 13.692 18.848 1.366 2.608
9.279 13.818 1.101 0.957 3.953
13.387 8.987 14.177 0.218 15.762
17.069 8.328 3.170 10.974 11.843
11.886 2.860 7.609 1.083 2.907
1.511 4.829 15.057 9.866 0.370
9.152 2.430 13.592 9.256 13.089
4.134 1.642 5.498 4.777 1.744
21.498 19.845 0.865 16.462 3.714
34.559 1.633 14.909 3.751 6.206
2.393 5.825 15.231 6.341 16.724
5.911 5.894 10.638 3.155 0.333
10.096 8.190 11.258 16.827 14.476
0.015 3.238 9.793 3.086 1.591
5.449 11.258 14.822 3.570 15.063
9.133 6.555 6.634 5.209 3.907
10.754 9.832 13.341 0.606 6.887
9.744 2.171 4.733 18.346 4.370
8.726 0.977 0.243 2.055 8.416
2.745 0.443 5.731 4.799 4.067
2.583 9.219 5.483 5.368 14.355
0.115 11.579 5.331 16.093 0.893
1.428 12.089 11.661 7.752 0.049
9.983 2.417 2.812 0.602 2.268
5.949 7.503 16.889 2.771 2.301
7.822 3.526 11.488 7.482 6.705
9.286 1.112 10.404 6.954 5.794
3.517 3.461 4.898 20.122 3.741
8.443 6.247 0.829 12.844 5.340
0.176 15.468 17.625 1.130 3.778
2.338 0.871 23.251 17.965 10.781
16.416 6.670 0.212 10.332 2.100
3.357 3.124 3.056 21.699 20.907
8.307 0.886 9.009 3.011 10.972
8.202 2.661 13.415 5.663 2.639
3.587 0.453 7.023 4.758 10.233
17.470 8.465 7.399 3.078 5.028
9.896 4.203 6.422 17.489 8.034
8.770 2.296 2.266 14.697 3.834
22.434 2.498 1.872 23.038 4.588
14.305 4.549 7.867 9.246 2.541
11.365 1.652 9.580 2.906 7.881
0.226 1.644 2.326 12.211 24.970
7.178 5.801 9.737 4.524 10.446
1.043 11.615 0.760 2.322 1.231
3.279 4.613 0.705 12.273 7.381
30.579 22.725 5.587 7.308 6.017
8.702 27.119 4.140 8.307 2.860
19.841 7.649 7.451 16.883 15.903
1.051 12.765 8.412 6.031 15.419
7.916 0.874 28.339 0.426 0.711
4.167 14.588 6.826 8.414 17.296
12.248 7.459 5.120 9.333 0.971
8.468 9.070 8.523 8.135 5.201
20.350 21.136 2.772 8.979 10.002
8.130 2.675 8.716 13.129 6.507
1.112 14.041 19.498 0.314 6.912
0.183 10.193 2.897 12.180 4.899
11.993 8.584 6.314 2.425 4.535
0.229 0.043 13.679 2.936 16.268
3.431 13.897 4.545 10.206 4.611
5.230 15.765 24.215 20.579 2.479
2.178 11.652 27.115 6.791 5.846
8.973 0.001 3.030 2.483 5.285
15.724 2.421 5.988 6.446 10.445
0.565 2.542 12.673 14.385 20.738
25.486 3.274 7.691 12.597 8.388
20.099 7.302 0.271 8.474 0.484
3.018 17.313 6.153 13.661 2.284
7.460 2.025 10.381 16.169 4.719
8.540 4.001 6.614 17.492 10.613
20.079 2.588 2.548 24.606 3.534
6.524 5.807 11.486 5.793 5.435
11.732 3.180 3.780 15.007 22.799
4.861 2.703 16.059 14.875 3.896
4.258 14.112 10.016 3.715 8.417
10.403 7.221 9.072 4.820 6.803
5.550 20.289 14.956 5.495 8.027
15.094 5.162 6.228 12.885 1.967
1.733 1.870 7.100 1.278 7.420
6.039 0.034 7.740 0.354 26.353
1.886 6.492 12.852 2.679 0.560
0.123 3.881 12.803 6.901 0.530
2.075 15.042 7.293 2.058 0.364
18.636 5.159 2.787 14.681 2.898
0.169 16.054 4.394 10.327 14.488
3.942 3.455 14.124 3.765 18.249
0.056 15.240 6.395 14.467 7.122
5.542 11.763 12.911 9.887 3.678
10.971 20.764 7.514 1.076 12.970
5.811 6.954 11.677 4.314 16.934
12.632 12.182 10.217 14.846 4.496
5.805 2.458 0.247 3.975 0.373
6.934 6.070 0.151 5.222 21.537
11.319 0.541 5.852 5.643 4.032
8.663 10.382 6.027 0.321 24.384
11.838 4.726 16.387 3.747 14.074
5.701 11.779 6.762 4.299 3.737
0.945 16.775 9.778 10.329 7.968
3.064 3.439 3.606 3.899 3.480
6.743 24.177 11.187 7.590 12.569
14.212 17.805 5.257 11.713 1.739
5.343 3.396 4.126 2.031 3.899
12.314 7.322 7.748 5.205 4.156
3.480 6.733 6.143 13.480 6.704
1.876 3.889 8.639 1.247 2.777
7.772 10.712 9.418 2.880 4.810
9.579 3.023 7.275 1.743 1.285
8.540 5.236 4.777 4.365 3.472
1.185 0.800 8.269 11.079 16.287
9.177 6.393 12.768 9.044 17.646
4.544 14.819 21.921 3.432 5.427
13.413 2.003 6.850 8.063 7.898
6.652 0.692 6.776 16.325 2.182
17.068 8.375 5.115 14.371 19.637
7.934 2.627 17.224 3.077 1.725
13.360 3.186 6.145 1.865 8.866
6.522 6.662 2.357 5.254 1.453
5.304 5.212 2.464 7.427 0.396
7.587 7.009 6.945 2.730 3.832
4.229 6.346 3.700 7.270 7.624
11.795 5.633 13.959 3.000 8.969
17.864 2.938 6.584 5.585 16.597
17.694 3.506 11.215 12.994 2.013
8.005 1.134 13.799 0.715 3.507
6.456 14.011 19.506 22.145 4.738
24.739 17.805 15.186 7.734 7.154
11.101 8.009 20.679 14.651 6.108
8.736 4.008 8.613 30.982 10.037
0.731 0.178 10.012 3.315 0.990
7.902 8.833 5.751 2.033 7.844
4.893 2.012 0.183 18.798 7.191
14.117 4.880 15.468 1.703 10.067
20.311 5.244 0.483 1.859 3.692
4.866 4.253 14.548 1.055 1.575
8.789 4.704 8.750 12.092 0.968
14.427 20.842 1.667 4.658 4.022
11.019 1.245 1.160 1.517 4.980
5.307 5.482 8.784 12.601 5.089
10.665 11.863 6.834 6.530 9.805
19.498 17.555 2.361 18.393 18.967
2.255 18.987 11.558 1.886 3.446
9.035 7.504 0.399 9.046 5.080
0.837 2.503 0.137 4.928 2.215
7.806 8.851 14.137 7.501 3.497
13.636 18.733 4.149 3.829 2.506
1.977 20.295 6.279 13.598 10.419
7.741 9.812 10.804 10.124 21.458
4.424 3.498 4.731 3.847 5.795
6.510 21.112 7.421 13.579 9.454
1.255 0.120 2.628 12.410 10.368
12.744 1.077 8.336 11.087 6.460
7.829 15.828 7.936 19.148 6.356
4.202 2.716 5.684 8.676 3.124
3.394 1.027 0.115 0.716 7.574
3.422 9.830 0.447 8.585 14.598
7.053 5.149 3.761 8.899 17.852
9.133 5.563 1.305 10.894 29.262
20.567 7.505 28.121 1.954 0.565
9.783 17.813 14.450 2.838 7.738
11.883 0.129 5.355 10.373 2.064
8.185 7.814 21.994 6.893 10.556
0.488 5.838 10.825 6.411 22.504
5.140 5.870 1.920 5.636 17.375
24.886 12.100 7.227 7.374 3.498
5.738 10.999 7.534 4.608 3.715
9.378 5.813 6.980 4.938 1.945
9.231 5.158 4.537 2.578 3.052
1.534 5.825 15.841 3.998 15.914
4.009 2.716 6.014 1.352 7.569
11.949 1.478 0.479 27.220 5.905
5.628 25.334 1.296 12.493 3.863
1.047 15.549 4.246 10.647 16.913
4.811 15.598 10.331 13.386 9.552
1.077 28.608 9.439 11.740 1.035
1.129 6.393 9.291 6.776 6.175
23.254 5.594 5.553 1.779 2.812
10.803 8.806 13.520 1.937 18.190
10.300 13.441 10.526 6.569 8.319
12.268 0.894 7.582 10.323 6.122
1.294 16.225 4.672 5.329 4.811
9.165 1.484 5.271 1.918 1.120
7.835 4.870 11.964 12.516 2.653
10.532 3.190 23.793 3.922 16.706
3.093 12.110 8.475 19.960 7.128
17.696 2.305 0.045 4.290 10.596
10.833 13.190 0.323 4.809 14.512
2.128 2.370 7.485 6.241 6.740
10.906 15.240 6.855 9.668 2.549
8.048 3.518 4.762 4.150 3.147
1.354 2.645 5.095 5.050 2.535
6.086 8.506 3.763 7.557 17.885
10.130 11.416 2.696 12.381 17.369
21.008 0.912 13.481 1.103 14.606
2.333 28.304 4.859 9.418 2.577
1.836 5.876 19.752 0.523 10.853
8.225 2.168 0.884 3.879 4.475
4.701 7.326 5.737 17.502 14.049
7.919 8.521 6.520 14.330 3.033
0.749 3.438 12.988 20.382 8.211
2.466 7.339 21.729 15.030 4.181
3.628 9.987 10.937 9.893 1.567
28.164 9.233 16.617 8.426 3.301
10.093 4.072 10.766 7.892 0.981
3.467 13.017 7.712 4.198 7.370
24.927 1.285 2.422 9.365 17.114
2.173 19.263 0.912 4.106 23.582
6.122 22.226 10.199 4.489 9.019
6.855 9.671 5.613 6.979 13.872
19.761 3.147 11.186 2.490 2.764
17.386 6.569 6.422 17.527 13.526
14.427 9.847 0.294 6.447 8.593
12.094 8.069 13.903 2.599 9.837
10.251 5.249 1.475 11.305 3.766
10.347 2.667 8.880 12.764 12.622
1.509 1.426 0.612 6.849 7.396
2.809 14.263 2.222 5.323 4.839
5.569 0.213 19.031 14.395 8.783
41.762 3.619 16.214 4.496 2.366
8.480 4.119 2.569 6.844 5.181
5.956 5.211 17.052 9.922 2.003
18.919 1.025 2.511 10.447 1.176
14.633 5.324 0.699 8.165 3.102
7.243 5.791 15.590 12.574 7.027
3.013 0.422 1.243 3.553 14.710
7.928 4.101 3.633 5.896 2.295
2.037 10.468 15.851 8.207 4.657
1.383 1.099 3.952 6.086 8.080
10.605 7.002 1.715 3.035 8.693
3.006 8.646 2.270 1.661 3.812
14.946 7.633 17.300 16.825 5.429
6.508 13.781 2.600 4.693 6.028
13.754 0.132 19.782 1.413 9.768
6.613 1.348 4.253 5.332 9.217
8.409 3.142 4.881 2.750 1.807
7.476 9.534 0.459 7.768 16.122
1.593 10.687 1.092 24.980 21.335
6.086 24.613 3.640 6.915 15.812
17.347 24.652 7.225 19.357 16.466
14.131 5.126 10.489 13.778 17.432
2.011 1.793 0.765 17.205 1.601
8.351 7.761 1.083 13.750 5.067
0.794 7.008 5.769 6.030 8.610
11.286 5.286 20.050 0.437 16.622
0.141 1.061 2.371 3.606 9.676
0.114 6.993 7.377 2.782 12.406
12.545 1.116 15.620 3.090 8.667
23.163 4.833 11.147 19.046 11.963
12.490 15.652 7.676 6.974 7.797
3.355 16.174 2.632 4.775 0.028
2.426 13.799 6.956 0.845 19.876
1.961 2.733 7.570 3.754 12.339
6.655 12.931 10.136 8.870 0.717
1.111 4.931 1.718 10.456 10.343
5.345 0.094 5.722 7.605 5.228
8.622 6.533 8.138 10.648 3.130
12.120 17.680 4.062 10.651 12.792
0.060 1.645 4.540 0.929 21.733
13.802 0.923 10.417 2.414 0.271
11.928 5.440 3.180 7.283 2.775
2.675 0.181 6.623 2.740 8.915
2.790 2.695 1.322 1.820 3.954
4.767 19.042 6.274 4.329 6.416
11.478 6.543 12.815 13.650 10.381
6.545 6.878 2.615 4.969 4.245
3.136 8.439 3.160 4.248 15.466
17.887 11.995 7.661 3.375 0.591
16.972 4.763 3.606 4.869 1.873
18.867 13.984 3.580 12.643 5.138
10.884 8.930 19.155 6.824 6.912
1.033 5.484 6.286 15.502 1.684
13.326 6.537 4.078 1.677 5.174
7.068 5.358 2.522 2.417 8.688
19.785 8.284 4.789 2.632 4.831
1.501 1.189 10.814 11.824 7.310
11.678 1.835 0.364 11.722 13.323
5.225 12.559 5.930 1.367 0.637
6.289 1.654 11.319 5.434 14.169
8.236 4.733 6.141 4.001 7.672
1.017 2.395 8.757 7.251 2.097
4.872 7.396 3.336 14.581 2.797
5.197 2.371 4.171 20.129 0.797
6.496 7.221 16.076 3.638 7.080
6.553 15.336 6.057 4.120 4.901
10.807 4.154 6.616 4.911 9.417
2.399 14.092 11.202 3.411 5.855
6.696 0.369 0.376 10.143 13.720
4.710 12.461 3.584 11.356 7.661
3.658 0.710 10.093 2.457 1.302
4.502 6.786 5.120 4.327 19.149
6.268 9.790 17.266 7.603 0.520
2.008 2.975 14.192 2.721 12.751
1.869 4.003 9.030 12.155 0.401
6.957 8.033 11.113 3.281 3.627
4.184 0.168 1.814 5.140 1.942
0.895 10.133 2.530 15.792 2.362
3.426 6.471 1.748 9.403 3.558
5.431 6.822 0.193 17.934 3.409
1.284 1.956 2.131 5.473 1.127
1.278 10.821 2.980 5.917 9.805
8.684 11.494 5.312 0.200 2.352
13.986 1.855 7.936 24.764 6.601
6.751 9.305 2.330 6.965 5.505
12.766 8.919 3.288 4.844 2.854
1.819 17.854 2.946 1.816 0.864
6.348 0.042 17.352 3.573 23.501
2.775 0.801 17.923 4.332 8.501
11.335 16.456 5.860 12.822 14.699
1.371 13.965 6.646 6.698 24.472
4.644 6.472 6.486 7.977 5.044
0.073 3.875 13.712 4.770 18.187
14.180 3.135 1.317 24.192 0.253
12.675 3.065 20.871 1.141 11.987
9.477 8.025 1.442 1.550 12.098
0.248 20.582 13.928 3.488 5.761
8.306 11.473 7.422 0.680 6.558
10.816 16.159 9.856 6.781 15.110
6.244 1.687 4.078 9.805 2.901
10.849 10.106 3.524 10.610 6.706
8.813 6.586 32.675 17.137 3.592
6.881 7.984 10.205 9.826 10.023
17.039 1.553 5.689 15.122 3.364
9.471 2.732 1.530 3.121 11.154
10.194 8.008 7.810 13.628 11.116
1.107 16.370 10.309 2.011 2.465
22.640 3.390 15.407 1.547 2.245
8.895 7.845 11.878 5.574 16.849
7.432 0.204 8.990 11.301 9.349
16.409 20.668 7.199 11.714 7.851
11.312 8.373 3.807 12.920 4.626
1.886 3.244 2.923 26.425 7.435
3.364 18.191 10.433 8.170 26.503
2.585 15.424 1.657 12.409 0.094
18.419 19.744 19.662 4.221 7.260
22.313 12.724 9.010 22.117 0.563
7.425 0.277 6.282 21.531 29.604
3.265 5.651 5.190 13.290 0.493
9.270 2.672 0.104 16.925 3.064
6.714 0.821 13.970 6.393 9.438
4.860 5.244 7.673 12.473 6.305
4.783 8.118 12.516 4.959 7.088
31.072 28.023 13.716 6.391 5.014
7.209 3.213 16.413 19.811 1.576
9.263 20.499 14.037 1.443 19.956
10.967 3.502 9.331 6.951 9.707
1.297 1.845 4.602 9.089 7.312
19.729 22.018 0.821 11.522 11.005
29.945 16.965 4.987 2.463 5.018
3.561 0.699 20.200 3.287 7.071
2.784 12.964 7.361 21.446 9.365
21.102 0.597 10.801 8.972 0.609
17.028 2.954 18.888 11.598 1.145
3.794 0.192 0.538 12.759 1.033
16.450 4.381 1.267 8.518 0.206
18.408 10.881 4.927 5.158 3.145
2.805 3.699 3.453 4.462 3.702
8.687 20.258 15.635 10.214 5.337
2.307 7.121 21.595 2.656 1.241
4.644 0.389 12.155 0.419 21.345
12.415 4.156 12.124 3.346 1.218
4.931 20.445 12.658 3.004 0.628
4.474 4.667 18.862 9.430 9.696
3.962 4.258 13.470 10.721 3.325
3.938 16.344 0.655 12.274 20.258
13.956 0.242 11.754 4.911 4.298
8.225 2.150 13.155 12.419 4.694
0.291 2.840 6.159 19.982 8.372
13.808 1.682 1.243 1.623 11.347
3.628 4.883 11.929 3.369 6.473
2.780 11.721 6.558 11.825 4.034
16.531 0.052 8.672 3.329 8.766
17.176 17.876 0.363 26.181 6.108
3.384 14.649 4.302 6.480 11.498
9.756 4.194 12.737 5.657 5.745
3.018 3.279 3.653 15.328 7.960
2.970 4.280 10.567 12.869 4.020
2.619 1.318 14.621 9.110 15.267
8.222 3.960 2.804 0.323 1.646
9.125 11.538 5.851 20.417 4.410
7.119 4.667 3.984 10.963 17.149
8.480 6.512 5.133 2.235 10.694
0.918 13.427 10.611 12.314 11.035
9.726 8.565 7.869 3.944 21.884
7.170 17.674 2.162 13.226 4.783
15.511 2.681 14.162 18.107 14.618
9.362 3.411 11.474 8.251 4.331
5.207 2.614 1.965 6.692 1.119
0.658 0.449 9.889 8.491 4.710
8.236 5.504 5.752 17.637 7.409
1.634 0.195 0.424 5.318 7.148
15.132 12.355 6.586 20.198 5.064
6.526 9.032 0.749 5.376 18.248
7.411 11.555 22.347 3.301 11.407
4.923 6.253 2.507 12.260 13.119
1.570 0.779 19.128 3.153 1.026
23.406 13.169 16.471 5.323 3.191
2.330 2.733 8.230 15.685 19.651
1.675 3.060 2.760 11.678 11.178
5.711 4.767 10.893 11.955 11.224
8.457 0.350 8.930 16.857 3.964
5.612 0.950 10.275 6.154 0.987
2.373 12.804 9.961 21.607 10.766
3.167 3.565 9.499 20.438 6.914
6.613 2.826 5.885 9.350 0.082
4.907 1.415 7.206 1.095 0.494
8.545 21.802 6.728 4.715 3.216
2.335 20.707 4.649 20.901 6.693
7.047 3.756 9.630 3.134 6.499
6.645 11.144 5.304 7.235 7.153
15.144 2.228 1.254 10.127 0.626
2.150 4.773 11.503 7.918 1.825
12.944 6.318 5.204 3.664 8.938
6.629 8.299 9.047 1.576 11.884
8.014 7.335 5.317 11.503 5.981
5.887 1.606 13.107 22.842 7.879
3.362 2.416 10.242 9.606 5.743
10.615 3.720 2.753 6.273 3.599
15.676 18.019 6.221 0.019 4.792
12.732 9.206 12.820 1.096 1.511
11.157 18.581 8.939 2.174 10.899
0.049 13.842 10.320 7.167 8.371
4.784 7.186 1.613 5.340 15.437
10.406 5.129 10.890 7.770 3.448
11.407 17.487 10.102 5.093 6.039
4.861 9.050 8.786 5.169 15.776
7.870 2.629 12.216 0.681 2.411
4.789 1.957 17.086 2.374 2.826
6.951 9.172 2.327 19.514 0.428
5.504 10.336 4.402 4.867 0.695
0.657 5.122 3.936 12.101 1.840
15.613 13.917 1.877 3.778 5.864
30.526 1.412 4.137 26.180 16.276
11.985 7.781 4.920 5.289 7.673
14.453 1.907 1.397 5.301 9.875
17.848 11.302 3.487 15.514 15.025
9.890 4.299 8.660 8.779 9.299
7.481 5.057 1.623 0.875 9.630
17.047 2.280 4.312 6.517 4.030
0.597 10.790 0.860 17.044 9.026
3.375 16.769 9.185 3.421 10.772
6.268 27.501 9.041 3.251 0.760
2.819 5.891 4.107 8.886 3.195
2.717 4.782 19.498 7.944 8.272
4.514 12.607 18.721 5.194 19.300
10.436 3.178 0.286 0.894 9.759
0.465 11.317 3.631 3.772 3.719
1.120 22.987 10.737 3.183 9.656
0.811 14.517 9.392 13.857 0.861
16.901 3.290 6.063 0.045 3.424
6.377 7.162 9.201 0.388 2.640
25.164 8.836 11.218 3.179 10.238
0.909 7.196 10.182 16.318 7.978
1.658 1.854 3.008 4.170 2.541
13.203 1.416 17.134 17.957 11.546
6.231 6.042 10.637 6.022 2.858
2.541 6.851 6.881 6.822 2.345
4.497 3.559 3.166 7.414 2.579
14.941 10.975 7.080 10.409 16.299
1.092 11.725 6.778 17.114 15.584
1.096 1.724 19.804 1.222 14.402
1.475 14.131 12.059 6.154 7.373
2.274 11.283 17.668 6.708 4.612
4.342 10.691 4.440 12.093 23.484
17.344 3.991 0.621 10.098 4.272
4.811 6.723 10.892 8.270 5.090
11.864 9.282 14.067 6.689 0.114
0.986 2.460 1.158 8.163 1.568
7.741 1.761 5.001 3.942 6.151
16.006 21.453 0.476 2.578 4.185
2.957 10.336 1.615 11.514 0.993
15.886 19.495 5.897 7.349 16.879
17.663 13.035 10.178 11.441 1.001
12.433 14.525 5.291 2.176 2.401
10.196 9.271 16.687 1.119 6.148
11.740 6.904 11.450 11.750 5.371
10.236 2.791 22.937 3.454 10.364
9.732 14.522 5.472 1.174 9.374
2.628 4.260 3.917 2.384 0.992
5.141 0.484 5.939 5.610 9.465
3.413 15.154 9.091 0.938 11.260
10.410 12.941 0.944 2.371 2.302
16.333 23.469 30.219 2.962 1.685
8.946 6.562 3.985 1.025 8.472
12.232 5.986 9.735 17.301 14.530
3.281 11.391 12.883 9.145 7.586
0.657 6.189 16.102 15.216 3.081
12.926 10.727 1.020 8.629 13.588
4.096 13.539 14.551 5.937 24.041
2.159 14.271 3.564 8.160 14.435
6.592 3.501 15.733 9.699 10.661
3.243 0.681 12.870 6.380 19.108
5.642 4.356 9.289 25.052 12.796
5.450 3.164 14.614 16.284 4.528
8.710 7.725 25.151 6.585 0.277
28.835 4.686 17.198 9.514 0.089
2.001 6.909 7.713 2.211 7.128
5.456 7.548 6.272 3.204 17.064
3.772 20.842 4.187 12.467 0.922
10.053 2.762 7.058 11.158 17.940
19.589 0.371 3.354 5.203 4.466
9.087 1.962 7.160 21.073 9.822
8.479 5.670 19.576 3.824 22.911
15.131 8.051 12.611 10.238 11.335
18.797 3.936 3.295 13.513 7.885
20.966 21.024 8.092 16.776 2.721
1.659 5.440 8.786 3.567 4.962
7.953 5.325 0.693 8.044 1.492
3.135 6.295 14.672 14.187 5.280
4.139 3.282 6.767 5.644 7.248
0.472 6.587 0.579 2.124 11.423
11.121 1.428 11.521 4.787 10.616
7.987 7.486 8.914 13.534 15.114
19.471 15.045 8.443 8.420 14.429
4.608 1.038 3.801 5.238 9.574
17.977 3.545 0.387 5.052 2.737
8.404 10.890 6.345 24.234 5.494
9.227 6.445 10.211 1.252 10.343
10.143 2.862 12.847 3.872 1.455
2.577 6.726 1.124 6.397 5.913
10.487 13.206 5.622 17.488 12.960
6.234 17.079 1.237 5.623 5.927
3.051 14.255 6.611 7.842 2.742
6.558 5.366 8.345 11.106 9.117
14.813 0.982 4.985 6.638 9.974
4.000 2.817 0.116 10.229 5.425
1.458 27.486 4.930 6.170 2.781
3.370 7.260 1.843 6.797 6.091
14.331 3.599 13.471 12.536 2.857
9.635 3.586 4.655 9.945 5.623
6.229 9.208 12.746 0.838 1.900
0.819 17.135 19.367 1.819 3.723
3.404 4.669 0.340 0.944 3.753
6.658 11.326 1.875 6.616 4.086
6.806 1.129 11.942 13.359 14.154
3.141 4.811 18.191 9.436 13.794
1.671 1.926 6.165 4.479 9.219
10.397 2.985 0.883 12.308 10.210
6.800 13.965 11.927 7.640 16.722
0.042 10.119 4.505 6.487 13.157
17.091 3.581 9.726 23.806 4.880
7.693 0.807 12.065 6.488 11.295
11.042 7.398 14.781 0.676 17.341
20.988 0.995 1.901 14.941 5.204
3.939 11.465 6.750 9.413 1.683
5.845 3.100 16.041 6.043 28.559
20.542 6.611 6.200 2.206 10.423
14.192 10.084 0.141 9.025 6.132
12.592 6.614 7.986 16.658 1.447
8.446 14.941 14.391 1.879 14.944
8.850 21.452 7.981 8.333 6.348
10.818 7.119 8.955 8.503 5.365
8.452 10.365 6.217 3.299 13.698
22.644 14.906 2.051 14.107 20.072
12.766 6.068 9.298 9.166 2.298
8.580 7.351 7.223 8.305 3.920
2.096 2.827 1.977 5.938 3.239
19.482 9.370 9.523 25.635 21.685
6.292 7.742 4.694 1.052 10.406
4.801 8.421 7.235 12.046 11.393
7.160 17.684 6.304 9.702 4.171
4.786 3.057 2.412 4.210 24.273
3.249 2.042 4.958 21.309 0.606
14.602 8.561 13.709 6.821 23.023
12.865 11.890 3.929 6.362 3.985
17.049 22.060 1.225 2.161 2.631
1.241 9.859 9.393 7.653 9.920
11.157 14.521 3.870 2.778 6.090
13.259 13.360 4.567 3.897 5.099
9.818 15.831 17.262 13.590 8.214
13.088 4.578 9.508 1.249 11.158
10.586 9.029 4.515 3.055 3.263
15.913 25.138 1.321 11.261 16.869
1.820 14.452 11.835 4.358 6.688
13.701 13.874 0.065 8.693 5.159
27.786 22.177 3.592 4.801 15.498
0.551 13.723 11.609 4.342 16.040
9.866 16.027 11.472 3.863 12.744
9.914 11.412 12.747 25.649 8.369
7.788 1.487 1.805 24.680 8.506
0.940 10.774 10.420 13.213 15.045
7.053 16.922 4.311 5.760 5.376
2.404 3.913 6.644 2.888 11.126
13.997 7.289 17.202 0.588 6.831
12.506 9.932 4.472 10.039 4.769
4.722 13.411 6.006 7.318 19.646
7.223 17.282 8.340 0.610 18.230
14.895 16.043 10.837 16.956 1.361
9.196 11.945 2.131 12.920 2.602
17.520 13.394 3.350 11.236 1.497
5.525 18.566 11.745 4.706 21.490
1.393 20.077 0.696 10.361 1.700
9.405 8.927 0.151 15.504 2.573
17.543 0.280 6.151 0.386 1.141
14.382 12.866 2.961 13.949 2.718
2.269 15.608 18.620 9.007 6.919
8.261 8.547 6.846 9.342 10.245
9.690 0.649 5.604 16.829 7.177
16.931 4.488 8.093 9.640 12.333
11.488 1.726 8.869 1.899 9.607
7.753 1.063 3.868 10.857 2.607
7.358 13.240 3.392 8.834 6.535
0.615 17.668 13.352 0.986 21.339
7.855 6.639 3.936 11.610 10.186
7.306 0.475 0.039 14.029 12.464
8.723 8.805 7.268 1.019 9.265
11.971 8.656 5.211 13.930 11.608
2.300 3.822 7.681 5.637 9.637
3.171 22.588 14.443 7.221 6.575
9.602 3.727 13.716 0.175 0.273
14.962 3.087 6.841 5.845 3.188
14.826 2.630 11.997 22.533 2.475
1.936 4.534 4.314 9.194 2.403
15.032 1.164 7.368 3.843 5.267
0.102 2.297 12.254 9.654 13.195
14.821 7.805 4.390 12.702 1.318
4.003 24.076 8.697 1.903 6.014
15.339 10.772 13.035 5.336 14.115
10.564 2.113 1.662 20.150 13.003
2.558 5.376 4.636 14.220 5.531
23.506 29.855 3.447 9.299 24.588
4.009 2.505 5.377 6.418 16.489
6.397 2.312 0.245 7.916 8.080
1.914 3.741 4.320 0.693 6.159
19.635 5.222 10.742 10.055 11.383
12.818 0.937 24.105 5.205 16.596
7.725 5.776 0.737 2.087 15.054
3.532 20.571 14.057 6.022 11.253
11.288 4.392 10.524 2.728 16.291
5.814 5.486 12.496 10.267 3.873
11.455 19.106 5.274 5.940 2.180
0.887 6.781 1.220 4.074 12.066
8.768 1.897 5.675 6.445 9.202
3.308 6.202 1.034 10.430 1.433
8.315 12.760 14.473 21.223 9.627
12.325 14.929 16.242 12.648 8.880
0.611 10.289 7.077 7.812 11.182
17.092 9.997 2.715 6.526 17.941
20.869 10.915 5.252 5.403 6.534
5.582 5.231 12.814 5.897 6.560
8.683 10.431 7.517 19.027 0.919
19.842 3.159 23.935 7.767 5.569
4.515 0.133 7.034 4.891 14.072
4.228 19.752 10.577 12.383 8.265
8.627 12.757 2.759 10.057 3.708
1.847 11.188 10.088 6.223 9.875
6.443 6.505 12.890 6.729 13.083
9.645 19.057 13.974 3.513 9.800
7.103 2.426 15.669 1.414 11.172
1.716 17.064 8.049 6.126 6.216
0.923 15.036 8.753 10.483 11.208
11.825 4.950 3.938 5.487 15.801
7.170 2.194 10.307 8.519 10.533
6.723 24.051 4.066 0.269 4.792
10.027 6.628 14.436 0.060 7.336
6.142 10.674 17.452 17.567 8.154
2.578 1.667 6.579 11.913 5.819
4.061 16.264 11.017 1.117 6.340
12.476 22.439 9.544 5.529 2.690
11.295 2.169 4.657 12.953 13.764
13.494 4.745 12.387 8.306 2.667
0.981 7.846 7.287 8.064 0.676
19.732 7.440 17.894 1.778 5.940
1.226 7.240 3.764 3.254 6.441
14.663 15.702 13.798 0.845 18.737
5.671 8.814 5.588 0.048 7.968
5.626 3.172 0.353 9.238 7.596
0.742 22.141 12.184 7.901 13.800
4.613 10.204 2.415 13.693 11.187
1.325 17.436 10.947 3.256 13.109
20.013 11.476 13.506 5.675 6.631
16.077 8.033 1.342 6.003 7.054
1.668 12.792 8.558 4.946 9.605
7.593 19.574 23.827 11.607 2.298
10.303 10.471 5.358 15.690 4.705
11.238 11.499 3.386 8.145 4.454
4.729 4.538 11.175 16.342 7.078
13.381 24.006 9.899 8.800 5.492
12.326 4.049 4.401 18.823 20.024
10.646 6.771 1.523 20.677 1.786
4.212 9.587 4.030 16.534 0.137
4.487 10.064 10.405 9.078 18.904
15.833 1.563 0.585 0.195 25.276
6.940 0.913 11.286 14.767 13.044
13.611 6.669 6.062 3.912 11.875
4.950 9.878 0.729 11.405 8.239
7.742 8.146 6.447 3.404 11.961
14.029 8.099 11.588 0.889 23.532
7.551 0.446 20.195 0.416 0.134
4.157 4.219 15.206 9.205 17.129
13.286 1.523 11.042 14.473 6.264
12.908 9.873 16.911 5.742 0.601
20.841 3.869 8.081 2.523 14.749
8.932 8.946 5.541 6.799 0.402
7.881 14.189 7.995 2.404 3.163
15.818 11.733 5.849 2.751 4.639
20.632 7.557 5.780 8.265 1.781
4.504 10.056 5.366 16.714 0.359
12.686 1.580 10.749 14.932 6.376
15.304 10.650 6.474 0.651 2.930
10.604 8.951 17.455 1.139 6.899
8.679 2.279 5.008 5.400 12.292
1.756 0.554 8.127 4.771 6.565
4.800 4.429 2.018 18.428 4.152
18.108 4.879 5.708 16.357 22.018
11.857 4.349 2.172 10.357 5.640
17.197 3.829 13.415 4.543 9.737
10.772 0.466 10.207 0.619 14.426
2.353 5.759 13.548 6.989 7.516
6.191 8.958 1.106 18.446 6.367
2.429 16.716 12.939 13.041 2.174
12.057 10.169 9.631 0.778 18.944
4.075 1.753 17.697 15.838 12.044
0.439 7.581 2.156 2.282 1.387
5.384 18.831 3.111 21.137 9.397
16.663 18.798 12.609 12.062 17.138
19.790 6.776 17.793 3.734 19.781
5.260 1.989 8.240 4.604 7.170
3.805 10.406 6.678 15.473 1.130
1.895 2.447 3.277 10.978 4.947
19.464 3.983 10.466 8.363 4.379
3.044 3.367 6.715 4.183 8.956
8.270 4.311 3.837 0.578 14.392
0.724 17.290 10.301 8.092 11.722
5.759 0.740 11.808 6.103 7.997
0.199 0.446 1.992 5.159 0.884
10.750 3.346 7.312 2.049 6.624
7.034 11.342 9.982 20.356 1.027
5.396 10.709 7.748 13.223 5.276
4.401 15.846 5.057 16.319 0.095
3.562 17.468 19.269 6.896 6.755
5.624 18.154 2.871 15.726 2.436
10.063 10.865 3.013 1.984 0.721
2.122 2.014 1.617 6.664 0.583
6.338 6.476 5.195 5.838 17.398
2.949 9.512 3.789 17.119 4.023
2.551 6.963 1.989 7.371 1.780
15.868 7.729 5.652 2.712 8.627
0.589 17.785 8.486 9.307 11.033
10.019 1.863 17.175 4.217 5.041
9.830 8.860 6.891 0.400 10.481
1.475 1.597 3.916 4.508 1.345
12.760 1.089 4.663 14.893 2.811
2.242 3.889 2.893 16.542 12.421
5.380 17.882 5.441 13.328 13.077
10.632 2.907 8.606 12.829 13.137
3.422 8.217 7.841 0.290 6.161
8.018 11.362 8.474 12.864 13.015
3.698 4.622 10.093 6.141 0.176
5.658 15.188 12.906 11.087 14.501
0.671 9.426 14.484 0.214 1.064
1.932 0.213 5.960 2.987 11.578
2.133 4.587 7.501 5.820 12.756
3.026 20.549 5.348 4.608 6.661
4.229 12.399 11.955 3.690 10.114
4.030 2.644 8.352 0.233 4.571
2.591 21.048 10.457 3.614 19.660
5.104 9.586 3.977 3.606 11.719
5.392 2.506 6.659 13.354 10.015
2.218 1.067 21.678 4.908 4.723
8.384 0.425 3.308 1.395 12.078
0.487 6.307 3.930 1.786 10.112
3.680 15.074 9.354 6.874 19.613
0.067 15.981 7.843 0.359 3.854
18.404 6.733 9.067 3.192 4.383
10.948 4.116 10.032 7.905 8.151
20.112 17.350 15.376 12.842 2.328
13.772 8.378 1.173 0.709 12.528
2.113 1.939 14.622 9.233 9.876
5.788 17.616 6.351 0.897 12.657
19.031 4.902 3.086 4.237 22.024
6.371 2.576 11.012 8.255 3.396
6.046 16.170 1.106 0.020 3.918
13.126 4.475 7.467 0.158 4.457
6.429 8.370 4.107 2.602 11.962
10.026 0.005 0.220 12.735 3.961
13.872 20.395 2.117 3.318 7.801
5.469 27.184 17.544 9.842 1.450
15.705 7.141 8.030 2.021 15.955
4.244 3.913 9.420 0.483 21.416
12.496 12.420 13.815 7.632 5.333
20.119 7.171 0.627 3.579 4.273
1.010 3.147 7.803 11.637 3.847
0.664 14.395 10.494 4.924 17.611
12.547 21.396 16.178 9.000 8.149
13.908 7.804 14.384 7.678 1.111
1.150 10.433 9.010 18.849 9.821
4.792 3.900 13.104 5.770 3.277
2.871 7.363 17.542 6.763 9.141
5.209 25.985 8.909 6.844 14.880
7.726 2.659 12.154 0.611 0.719
13.040 11.266 4.952 9.373 3.542
8.992 0.826 9.083 6.986 12.680
1.694 11.900 15.345 1.491 11.247
4.548 5.266 11.075 12.203 11.582
17.142 23.371 9.835 9.927 15.007
4.200 0.267 6.281 12.190 17.076
3.249 10.148 6.998 3.776 1.611
10.292 0.615 1.265 5.221 10.476
15.152 2.908 4.792 12.096 17.944
11.561 10.104 2.581 7.982 4.587
9.937 11.490 5.234 0.405 15.929
5.170 4.683 4.800 0.997 1.572
3.090 15.149 3.613 6.651 1.829
15.124 9.639 6.661 0.739 5.669
5.894 4.463 9.436 6.305 3.824
0.996 4.708 1.849 6.030 8.179
7.628 15.821 9.728 3.481 5.833
2.150 0.576 1.967 1.016 13.548
6.006 7.816 7.712 2.125 1.085
0.244 4.886 1.520 6.057 3.257
3.900 3.223 9.386 9.180 4.175
14.109 3.638 2.151 3.076 0.131
5.001 0.580 20.151 1.512 3.905
6.380 12.615 4.503 1.244 11.645
2.913 6.571 26.960 2.339 2.556
4.605 10.332 3.806 2.545 6.235
0.988 3.621 5.827 16.150 4.408
2.180 24.366 14.327 11.426 16.341
7.054 6.968 7.624 0.745 2.961
10.539 1.220 10.032 7.067 0.039
4.721 2.021 2.006 2.649 1.664
10.956 5.635 11.210 8.988 1.515
23.346 12.375 11.788 2.061 11.065
4.772 9.932 3.465 5.813 16.743
4.612 0.388 3.986 3.532 5.229
5.078 2.497 10.943 1.491 11.299
11.899 10.234 2.301 17.195 0.747
6.036 16.219 3.845 12.195 6.703
11.171 14.863 0.412 6.785 2.589
1.455 3.196 9.334 15.370 4.382
3.942 18.017 5.268 14.472 8.302
6.594 3.926 3.022 4.867 17.157
9.660 2.696 12.493 0.192 8.060
11.646 22.813 0.087 12.395 1.832
5.003 15.258 1.414 7.591 7.222
7.139 8.431 1.204 2.370 10.739
11.703 7.636 3.385 10.932 6.075
4.786 5.290 10.522 0.788 3.120
16.838 10.266 13.190 7.318 9.906
23.401 4.857 1.954 4.409 7.104
0.696 15.004 14.484 8.253 0.044
0.446 3.004 4.714 14.094 0.987
6.185 10.952 0.774 10.133 1.277
6.372 0.621 7.420 8.182 18.394
5.489 12.239 4.816 6.619 10.881
9.345 6.735 2.599 4.338 12.986
8.268 12.997 4.081 4.638 6.279
15.982 14.131 12.919 9.208 22.513
1.292 7.436 0.239 17.729 9.920
16.598 17.182 19.017 2.386 0.823
4.217 6.378 10.972 13.296 12.767
6.594 0.603 17.333 6.726 10.230
11.930 2.145 15.056 8.655 10.996
2.068 5.725 3.117 6.675 0.670
12.363 1.007 2.722 3.479 14.999
9.393 0.071 0.092 23.861 6.188
3.881 12.177 6.837 4.967 3.266
3.230 3.271 0.112 11.452 6.330
2.109 4.062 15.870 7.848 2.910
17.352 8.326 6.630 1.510 4.268
14.948 2.868 1.472 3.124 9.678
18.013 7.510 9.404 2.386 11.359
4.563 2.333 2.801 3.097 4.796
5.830 3.098 9.453 2.248 10.656
1.737 12.015 17.098 11.261 23.319
12.858 17.008 9.447 5.448 3.626
5.044 8.360 10.269 5.571 3.076
3.481 4.861 0.703 3.505 1.132
16.071 4.810 8.078 13.646 4.330
6.199 4.134 2.188 11.411 19.726
7.500 7.148 5.038 4.057 23.983
5.914 4.921 8.358 2.422 3.736
9.652 16.860 17.059 19.224 8.639
20.673 1.513 3.865 0.789 2.533
3.442 4.990 2.749 9.749 15.796
2.691 22.771 2.916 7.564 13.770
1.933 1.682 13.387 14.031 3.330
3.100 8.743 0.484 11.789 12.686
0.187 3.076 4.845 8.717 3.777
5.564 9.126 5.374 15.415 10.598
13.886 6.069 13.098 2.842 4.380
18.476 1.108 7.931 15.702 6.981
4.847 6.893 4.664 11.520 10.708
11.261 11.995 8.697 10.451 17.695
0.652 1.499 1.667 7.358 2.641
23.867 8.599 15.261 7.263 5.918
2.031 5.818 14.785 3.283 16.491
3.567 5.884 12.366 17.983 12.321
13.437 4.769 21.134 0.763 5.519
7.270 0.731 21.228 1.263 11.513
0.604 1.581 7.987 11.858 4.471
0.818 8.555 3.641 5.849 19.886
17.417 8.269 7.579 3.043 9.586
4.621 8.199 5.965 6.465 4.345
5.571 4.620 15.129 5.574 20.467
14.177 10.380 9.358 7.652 5.050
9.571 6.813 19.703 15.667 4.178
6.062 3.280 6.620 8.245 4.201
4.298 8.621 2.462 3.086 1.652
5.807 11.287 8.391 17.924 1.910
3.024 23.327 7.762 5.181 16.084
6.951 0.623 9.899 3.249 9.353
13.255 5.067 17.557 20.064 10.425
20.643 13.816 3.522 16.654 3.417
26.080 0.985 3.689 0.423 10.544
10.617 2.716 4.649 7.851 12.794
2.712 17.406 11.201 4.754 3.860
2.083 8.728 10.670 9.653 15.788
12.142 13.340 0.676 8.940 7.228
6.983 6.620 8.373 12.171 2.134
1.464 7.295 9.140 16.101 1.731
13.983 30.986 2.482 16.180 14.215
14.243 4.023 6.693 16.696 15.861
11.533 13.691 2.472 13.061 10.117
4.215 2.873 18.413 9.680 9.255
9.796 1.091 10.319 13.117 10.911
19.381 23.678 6.766 6.291 3.214
1.207 17.955 13.610 12.751 13.543
22.698 3.882 7.859 3.781 2.532
13.997 5.999 14.661 30.448 1.747
5.141 10.510 12.823 15.972 11.932
7.866 4.600 3.692 1.423 9.754
14.718 2.174 1.149 4.700 3.030
1.889 0.169 3.546 4.973 19.992
5.679 6.077 3.390 0.501 8.613
5.757 3.223 2.378 7.328 3.081
9.776 1.687 3.906 3.267 15.882
2.408 5.988 6.021 3.760 10.055
4.580 5.352 3.075 36.761 5.445
5.238 23.736 1.926 0.953 4.430
16.002 10.844 2.412 3.198 10.176
15.127 4.906 13.262 15.628 0.764
2.094 9.200 17.150 12.382 14.989
10.125 11.292 19.055 3.851 1.860
2.113 6.653 12.972 3.505 0.388
21.822 2.962 5.967 4.217 8.063
5.705 0.809 11.268 9.939 2.237
10.017 12.694 5.106 6.377 8.766
10.205 11.444 17.827 11.798 0.691
3.384 8.405 4.777 22.564 6.817
0.077 15.070 3.574 10.305 9.522
4.061 1.440 5.607 20.307 15.621
13.538 6.676 17.371 0.197 0.875
6.714 4.119 7.142 4.776 13.315
0.995 3.061 3.681 4.748 8.571
0.779 16.190 13.202 1.551 15.312
4.106 23.463 21.964 4.287 17.215
1.365 5.489 8.871 6.818 8.320
2.596 2.225 6.558 15.127 1.042
2.297 9.119 9.688 10.998 10.734
0.442 2.088 5.245 9.370 16.706
5.292 5.405 11.944 4.153 7.211
15.923 8.907 1.716 3.107 15.759
0.073 15.886 4.661 8.533 12.773
2.903 7.191 14.924 5.956 0.750
9.250 3.767 6.809 10.856 13.909
7.816 3.768 3.166 10.785 4.724
0.902 13.315 9.470 13.817 16.523
6.920 1.601 7.492 15.651 9.036
5.995 10.683 3.423 5.132 1.616
6.506 11.351 0.464 13.950 17.924
18.211 4.209 8.233 1.656 1.382
7.311 8.626 21.740 2.346 6.898
4.646 11.631 1.408 13.234 5.782
3.692 18.990 2.729 18.141 0.056
2.357 3.348 4.316 2.062 4.907
15.618 4.627 9.042 0.461 3.828
6.423 8.928 8.721 14.715 3.106
7.574 20.703 1.565 5.513 18.852
2.770 2.834 16.342 16.327 0.232
10.665 10.116 4.225 2.001 12.678
13.181 0.457 3.387 0.327 9.063
7.266 3.074 18.828 0.661 6.450
6.806 5.768 4.063 5.715 1.209
7.633 6.920 1.155 5.300 12.694
2.883 6.155 8.685 11.179 3.194
7.609 7.024 14.051 5.233 17.197
3.264 3.302 19.238 15.012 6.863
4.913 7.220 20.321 7.724 2.738
7.620 6.141 4.486 1.286 23.860
15.642 7.184 17.895 10.904 4.968
13.487 4.584 9.480 9.532 3.437
15.513 2.215 3.435 11.478 5.970
0.913 12.772 6.042 8.412 2.036
1.453 7.214 11.046 3.130 15.238
13.359 6.183 1.480 1.326 8.159
4.616 25.274 9.305 20.070 11.835
4.617 3.451 2.732 12.500 18.310
14.890 4.239 7.950 6.097 14.309
1.084 7.768 5.795 28.391 4.105
17.594 4.195 6.014 8.467 1.140
0.580 8.372 1.044 2.079 6.779
0.180 14.945 6.418 0.324 5.230
16.964 3.728 10.992 13.723 7.196
8.103 6.274 4.639 7.257 14.024
11.388 2.404 7.091 4.142 12.433
7.636 7.452 12.963 16.324 2.855
1.661 13.440 2.410 1.776 4.660
12.638 15.973 8.650 9.212 1.088
13.363 7.961 1.640 6.828 7.583
7.715 12.956 11.307 2.007 9.954
18.301 0.970 22.812 14.592 1.002
13.066 0.460 8.226 4.791 3.385
3.038 10.471 0.810 2.492 13.631
3.835 6.561 18.208 6.264 9.675
5.964 4.454 15.038 9.061 7.664
4.359 3.557 1.092 0.826 0.408
4.215 4.085 12.298 2.746 1.345
5.663 4.721 0.068 24.737 8.477
2.599 10.026 8.184 0.451 9.580
13.997 4.722 6.414 0.464 10.557
3.427 2.069 8.775 3.450 2.923
9.080 8.881 4.110 4.163 23.521
8.634 4.794 11.392 3.218 1.872
3.665 5.396 5.297 11.217 7.615
1.988 1.632 15.689 18.910 3.461
17.676 15.170 7.256 4.484 9.870
4.299 8.047 7.547 18.888 7.226
10.771 13.165 1.842 3.231 31.196
8.100 0.585 10.597 3.355 7.425
17.730 5.609 1.578 1.344 10.895
2.853 14.904 4.248 10.848 11.258
2.948 4.322 11.858 5.767 8.078
1.817 11.326 2.855 13.441 7.395
4.645 17.827 3.435 3.389 9.519
4.727 9.876 12.498 2.108 7.826
11.960 9.819 4.758 4.415 6.161
1.084 0.465 16.868 9.442 3.501
6.798 3.361 9.015 7.230 10.954
3.221 3.111 2.834 13.990 6.269
8.916 2.876 2.680 15.694 6.537
11.322 6.276 16.523 1.853 23.162
3.822 1.344 6.752 7.099 3.763
0.792 14.012 7.423 17.190 19.862
3.024 18.590 6.475 6.541 3.619
22.188 2.569 8.551 4.895 5.598
15.624 0.935 3.126 20.535 1.429
21.028 11.920 12.716 9.475 15.994
7.929 11.712 20.730 0.174 8.174
2.932 1.468 7.158 4.835 5.574
2.654 0.130 14.705 8.727 3.593
3.543 14.059 1.729 7.587 14.759
9.526 1.150 9.630 22.517 0.676
7.820 7.934 9.175 11.697 5.848
9.903 13.996 4.370 3.291 12.568
3.530 12.679 9.474 16.205 24.324
7.734 3.742 10.269 4.063 10.559
15.408 1.856 4.276 5.235 5.535
8.319 4.950 0.684 4.781 4.924
5.628 19.486 1.053 3.533 10.917
0.888 4.516 0.986 5.853 10.096
1.705 14.502 4.838 22.494 0.869
2.048 19.649 4.067 24.322 17.483
0.391 6.107 5.697 4.230 0.736
2.045 11.339 6.801 0.881 1.426
20.751 12.708 22.098 13.198 2.365
7.789 4.097 9.966 10.861 6.365
9.627 3.278 6.918 1.339 9.252
14.784 8.451 4.467 22.573 7.126
6.372 10.844 5.003 25.099 14.664
10.137 3.514 0.318 5.702 10.164
0.513 9.617 13.625 6.158 9.461
2.810 10.515 1.428 0.689 0.556
10.176 10.652 8.483 0.269 17.402
14.009 8.977 12.539 11.785 5.996
6.237 17.265 16.183 18.393 14.372
5.860 1.984 5.352 6.771 2.904
3.362 2.091 7.875 10.293 2.160
15.036 9.906 1.916 6.553 6.814
15.117 7.126 4.563 4.841 17.701
2.290 12.219 0.783 7.383 1.503
0.719 10.701 1.636 1.044 17.158
3.692 4.216 8.927 9.315 9.410
9.291 5.433 0.296 1.605 6.553
10.471 4.683 13.444 9.211 2.871
2.236 5.648 1.702 12.407 7.252
10.405 6.697 0.808 13.686 10.245
14.464 30.499 3.478 2.419 2.381
3.106 23.198 2.090 17.673 19.255
0.957 6.038 1.805 2.557 1.788
5.408 3.822 11.259 2.555 26.926
27.159 4.021 12.684 5.971 13.469
6.416 4.699 3.509 6.441 10.731
3.556 6.662 15.558 2.244 14.300
8.950 7.469 19.785 6.653 2.791
6.929 1.161 7.418 3.511 30.890
5.829 1.967 12.531 12.322 15.043
7.979 9.789 4.931 10.731 5.394
12.983 2.547 2.964 9.772 2.906
21.570 9.489 7.962 0.567 10.662
4.868 5.567 12.110 8.072 1.429
7.963 14.363 3.442 2.571 18.428
3.029 14.483 3.385 11.065 2.296
6.743 10.935 18.382 15.248 18.705
11.805 5.511 3.575 12.701 1.329
6.852 1.158 17.161 15.833 4.228
6.250 5.596 7.753 20.262 1.903
4.656 4.922 14.513 6.066 13.736
10.231 0.240 8.245 9.428 17.949
3.083 3.440 5.507 2.290 7.417
5.116 13.178 16.550 9.669 5.079
6.511 20.694 20.357 11.549 7.463
5.326 8.178 13.753 16.869 4.287
4.359 7.489 8.880 18.621 7.982
10.102 5.673 7.004 0.379 10.622
10.264 3.323 5.065 14.326 5.333
2.830 7.425 2.126 7.636 16.201
0.752 11.287 13.021 3.608 4.395
2.164 2.778 7.090 2.892 17.212
12.747 10.121 9.608 8.971 0.601
22.835 4.655 6.426 8.416 5.291
20.881 7.585 0.516 2.842 13.745
17.873 11.085 2.805 15.775 5.070
2.153 20.133 16.239 8.579 16.239
0.554 1.250 4.143 5.321 11.606
19.522 6.174 7.054 5.853 4.622
10.675 8.960 9.369 7.169 11.557
7.332 0.409 9.368 7.914 5.355
4.163 1.441 10.182 6.442 0.629
17.077 3.516 8.846 12.633 9.003
10.330 3.720 3.648 0.026 2.576
6.711 18.760 8.366 6.040 2.938
5.562 17.415 7.428 5.309 17.851
19.316 6.955 16.553 22.325 3.281
4.403 6.112 6.081 6.118 4.095
1.963 23.337 7.854 12.734 5.989
15.214 6.963 7.045 2.997 7.616
10.199 5.145 4.710 0.013 10.598
6.657 8.604 16.757 10.079 8.921
11.233 7.541 0.637 23.871 6.225
7.073 5.417 0.201 13.740 10.561
12.563 5.477 16.360 1.359 25.608
5.664 5.072 2.460 2.682 11.613
11.711 14.367 6.285 22.767 14.282
7.056 23.448 0.734 1.257 20.977
8.662 2.589 7.472 4.525 1.020
23.171 6.534 0.008 4.607 17.475
2.252 13.630 8.517 9.471 9.546
25.127 8.532 1.192 6.456 15.538
15.966 7.818 4.618 20.230 15.120
7.543 4.888 1.230 5.474 11.076
3.225 1.836 9.984 7.103 0.564
3.020 4.602 9.170 5.016 4.288
6.756 2.129 11.739 4.590 1.189
5.061 4.632 4.897 13.342 10.210
12.451 6.611 7.562 4.500 7.587
5.038 7.239 10.283 10.079 6.208
2.076 5.438 13.238 25.870 4.438
20.003 13.564 8.594 0.574 1.860
0.302 2.609 4.642 25.464 5.172
13.570 15.417 0.727 14.326 0.474
2.773 5.551 1.683 11.268 19.304
10.047 4.082 4.798 7.778 7.604
12.110 2.559 2.723 3.450 16.053
1.695 11.945 12.257 10.216 12.294
10.195 0.148 9.495 1.227 1.404
6.024 12.043 1.599 3.685 11.334
7.055 3.892 2.318 2.694 1.727
14.969 8.192 1.657 13.808 16.759
4.137 5.851 22.224 1.132 14.190
13.909 1.422 12.613 2.378 17.855
10.742 8.343 9.197 17.562 7.745
15.840 15.785 8.401 7.192 5.838
11.276 7.787 1.046 3.779 14.506
0.405 29.106 8.147 3.913 0.963
3.833 13.944 7.910 15.991 8.216
2.977 26.618 9.880 15.769 12.902
3.928 21.737 5.277 10.399 9.997
0.311 5.676 11.233 24.112 21.208
