47.3356450682
146.404055068
275.446645068
431.547755068
546.574695068
659.658755068
787.717335068
844.738795068
973.781385068
1110.84029507
1247.89920507
1378.93969507
1565.01900507
1622.04046507
1709.07249507
1812.08168507
1943.12217507
2072.16476507
2175.17395507
2290.20089507
2387.25365507
2502.28059507
2589.31262507
2703.35555507
2800.40831507
2903.41750507
3002.48591507
3115.56997507
3228.65403507
3343.68097507
3430.71300507
3561.75349507
3692.79398507
3805.87804507
3876.91515507
4062.99446507
4219.09557507
4350.13606507
4451.18374507
4552.23142507
4649.28418507
4736.31621507
4873.37512507
4987.41805507
5118.45854507
5247.50113507
5318.53824507
5433.56518507
5530.61794507
5601.65505507
5704.66424507
5807.67343507
5878.71054507
6034.81165507
6105.84876507
6218.93282507
6375.03393507
6432.05539507
6489.07685507
6586.12961507
6723.18852507
6780.20998507
6966.28929507
7023.31075507
7209.39006507
7340.43055507
7441.47823507
7498.49969507
7627.54228507
7728.58996507
7859.63045507
7987.72541507
8124.78432507
8280.88543507
8383.89462507
8514.93511507
8585.97222507
8749.03555507
8852.04474507
8980.13970507
9111.18019507
9224.26425507
9410.34356507
9511.39124507
9608.44400507
9755.51241507
9883.57099507
10069.6503051
10184.6772451
