1000 5011
530 640
713 346
821 399
568 388
897 343
206 647
350 617
243 782
686 294
672 880
468 358
434 371
71 252
221 655
772 33
630 672
636 420
16 773
100 540
928 885
425 123
432 319
983 209
34 27
951 81
413 387
383 730
807 537
783 51
335 757
615 592
299 699
303 846
436 208
266 660
714 316
809 762
76 482
454 465
970 417
80 895
797 979
220 948
861 694
1 613
347 708
901 917
222 805
284 634
209 272
320 652
763 220
374 929
302 125
785 479
71 676
289 152
42 950
237 269
185 479
847 272
540 599
23 744
740 254
451 927
340 679
826 958
269 733
73 639
289 479
630 159
892 467
320 417
942 587
928 763
712 220
50 387
31 103
343 778
490 714
456 988
910 594
706 602
166 501
647 484
423 595
597 959
908 331
432 20
877 713
144 188
236 822
607 705
349 6
663 723
526 834
481 118
246 536
136 567
49 330
216 998
964 399
549 882
454 409
386 868
934 180
511 310
39 453
424 445
340 571
6 205
243 909
779 696
800 771
475 272
964 65
584 698
811 763
237 513
664 189
332 875
920 39
810 842
134 33
65 251
483 84
509 92
11 310
158 726
832 201
344 867
126 42
231 178
717 979
442 903
884 978
116 561
223 89
383 615
487 4
445 15
853 882
434 594
839 819
770 260
987 462
189 917
355 808
373 137
983 783
650 720
59 150
519 489
213 590
443 506
428 366
858 922
216 465
434 69
177 924
879 447
661 547
246 565
6 514
885 714
221 288
484 85
608 947
468 751
654 706
732 230
732 339
38 265
56 489
292 458
339 805
646 562
24 733
211 390
730 328
83 912
576 918
526 729
256 660
526 327
213 29
179 485
143 139
271 966
554 628
530 381
837 657
668 634
868 479
634 627
976 120
233 487
602 303
307 914
750 426
897 412
185 644
148 632
800 262
994 616
538 893
24 115
210 977
264 308
284 565
478 378
674 739
877 989
200 721
737 637
76 124
920 53
315 201
428 565
397 270
179 743
770 917
680 320
935 455
569 169
5 473
80 859
851 153
252 423
122 708
671 898
502 390
586 477
714 22
143 144
842 508
418 401
877 157
242 672
424 259
79 952
231 133
669 168
176 38
802 155
265 757
962 482
909 666
107 451
436 704
211 192
538 139
371 558
277 903
598 735
158 696
984 735
415 732
785 805
843 145
293 810
920 762
59 728
975 483
868 734
395 608
622 417
181 656
863 985
350 676
654 431
577 414
351 543
172 1000
48 294
67 194
432 581
568 583
283 745
769 346
861 265
350 567
260 347
353 111
337 346
635 458
391 261
585 753
984 311
840 28
695 134
575 753
534 256
93 720
78 625
637 335
585 308
692 802
340 895
73 540
737 50
497 888
690 486
351 56
858 249
635 702
685 183
689 378
174 916
656 525
14 745
65 572
364 258
37 767
332 705
583 42
557 323
722 847
997 753
280 556
712 895
754 964
930 640
112 353
492 17
59 325
186 583
633 629
99 177
911 613
428 195
432 134
358 841
876 372
63 237
493 483
862 291
945 270
386 853
385 599
110 929
76 888
210 954
176 886
945 888
323 745
324 53
415 25
127 244
897 828
347 617
55 856
921 585
243 680
380 252
559 758
906 398
701 335
250 698
963 767
509 714
145 363
897 366
351 998
916 913
721 501
117 740
651 827
319 450
624 590
250 368
34 366
380 153
260 895
848 805
936 25
238 604
568 768
79 181
226 956
316 363
102 415
856 562
256 820
507 589
797 9
644 471
556 57
97 757
277 321
888 353
686 20
700 472
50 411
51 1000
475 315
826 513
803 862
171 220
922 829
99 449
591 888
46 294
546 215
302 3
858 293
74 641
165 214
304 732
433 368
210 650
618 232
283 762
853 783
255 414
910 780
290 223
530 720
2 715
773 365
635 707
99 744
633 493
460 219
708 505
671 247
912 25
749 425
568 971
210 266
93 389
772 224
186 399
955 759
63 274
85 310
231 966
136 636
324 369
88 755
164 699
627 120
624 496
151 943
5 608
232 422
119 27
541 395
358 463
857 873
560 874
471 339
823 766
167 989
374 476
467 655
776 449
876 603
230 89
854 197
359 665
877 657
110 922
382 336
40 903
332 637
791 970
460 540
227 507
45 288
289 617
249 842
451 514
401 828
347 24
347 463
423 721
645 818
297 137
638 905
300 728
690 413
671 141
340 41
748 222
548 917
711 800
170 562
845 138
612 32
445 758
210 387
986 289
63 823
303 217
568 70
969 360
15 533
400 29
400 738
312 207
285 165
96 49
96 614
421 820
978 742
725 744
941 445
377 149
749 459
167 898
238 625
612 457
170 164
278 973
54 756
563 378
80 20
177 353
250 937
749 838
185 699
936 157
744 411
485 947
321 161
413 603
710 979
272 261
611 256
888 488
298 341
524 19
690 218
528 641
858 318
54 267
826 336
439 429
43 578
958 390
890 312
121 48
193 579
374 887
147 811
768 660
65 398
471 726
213 11
899 820
21 104
615 757
1000 82
797 742
748 266
752 755
624 312
418 731
384 28
437 782
848 38
23 453
851 115
227 374
31 283
67 544
302 132
892 183
322 606
513 398
975 326
548 923
509 581
128 17
681 29
591 424
763 374
21 929
135 903
132 266
247 173
102 687
359 567
415 316
950 345
491 529
599 570
258 688
614 129
597 215
669 810
265 887
892 834
380 783
841 875
643 988
332 778
517 502
647 960
575 245
792 73
634 381
961 20
695 287
448 950
423 93
511 925
291 525
806 267
610 648
385 334
556 742
152 111
481 399
299 343
817 323
391 688
358 685
731 328
575 376
56 427
37 226
789 867
39 852
522 268
634 46
836 678
554 109
247 529
765 510
982 620
237 762
313 919
682 978
574 426
23 623
244 477
340 292
184 444
417 705
16 903
515 24
422 762
386 220
795 245
581 261
173 707
907 572
654 56
486 85
858 34
179 527
884 828
668 674
150 705
45 970
745 89
263 354
6 782
215 510
739 705
591 165
753 732
935 993
938 464
97 848
763 323
669 320
67 872
401 602
747 660
549 757
587 270
739 87
436 933
233 206
401 561
863 469
825 615
114 724
59 630
423 564
355 194
211 819
468 931
602 954
179 48
301 20
72 204
528 891
739 187
385 658
633 557
117 191
562 28
928 292
984 129
999 361
415 757
146 417
572 408
737 2
681 387
260 998
663 75
466 613
750 910
92 565
916 7
55 725
160 199
761 655
150 843
851 247
263 29
620 3
432 940
73 192
202 420
129 972
186 90
775 571
722 453
597 226
483 331
362 174
345 366
807 119
664 769
678 577
323 571
240 514
871 942
890 406
103 975
732 464
513 339
887 808
498 17
719 159
576 391
297 682
100 282
407 565
283 388
380 185
125 185
915 993
533 402
864 823
347 155
24 713
824 918
523 164
979 947
874 913
171 887
338 140
18 113
953 7
437 414
276 149
6 824
61 376
817 141
124 780
765 933
968 128
840 894
400 305
364 2
898 454
936 557
349 616
511 217
339 251
216 911
431 156
34 934
466 369
992 223
386 920
370 543
27 444
283 48
176 369
853 290
984 627
291 950
143 953
152 229
376 758
59 556
423 7
152 943
83 901
172 773
174 556
356 439
434 326
431 520
894 37
345 463
454 667
52 937
914 949
627 417
989 730
847 975
994 273
978 874
776 409
914 490
265 705
428 994
213 566
876 282
236 44
555 221
921 762
21 911
744 18
227 966
726 134
284 493
140 572
324 289
695 665
628 845
899 744
202 837
96 448
934 788
983 312
523 453
565 706
969 796
452 48
566 979
559 852
643 146
205 797
920 87
955 933
461 830
498 520
371 592
373 231
122 691
618 348
212 155
661 1000
675 315
125 828
199 469
66 336
186 672
98 286
407 183
83 430
981 30
790 442
438 258
162 492
387 433
55 966
96 360
205 394
133 701
691 562
575 308
503 906
289 282
916 798
701 715
650 943
836 93
852 743
338 486
804 229
746 948
314 608
277 906
548 543
396 796
915 427
864 407
681 551
55 853
350 780
117 527
725 448
553 621
926 148
415 271
982 112
54 499
609 453
40 499
189 941
832 548
249 931
965 957
362 130
677 318
349 710
770 189
241 979
94 128
179 339
645 747
498 399
298 48
850 517
412 816
542 471
598 272
799 314
983 244
117 566
415 726
566 818
40 647
113 442
994 728
166 849
225 267
333 423
302 188
416 469
234 548
588 224
39 141
16 560
781 988
925 279
967 561
237 713
511 351
3 581
978 672
614 73
373 647
978 976
748 877
984 870
969 616
233 399
914 155
401 417
455 242
630 329
868 716
80 565
154 292
300 843
898 54
963 807
855 696
589 715
678 211
534 180
292 764
22 855
683 619
409 402
62 628
100 655
152 115
68 795
270 902
258 738
276 645
5 449
188 615
754 570
690 148
564 539
124 18
452 743
117 679
770 723
181 85
475 245
441 325
449 567
150 976
509 229
134 196
910 833
485 463
160 261
841 145
117 369
493 489
535 710
440 979
408 500
690 663
611 504
965 48
857 607
783 835
751 158
716 208
898 235
476 470
681 860
277 422
443 775
631 814
154 779
198 360
921 957
211 313
929 875
723 956
67 800
374 684
432 379
823 489
879 171
93 204
875 33
403 76
39 607
801 966
271 849
983 743
451 558
159 311
42 929
523 816
825 688
312 477
463 486
565 226
280 123
959 261
634 323
686 888
447 497
51 824
160 198
994 774
841 702
307 142
737 647
19 576
828 305
994 741
332 508
258 525
521 33
635 288
100 205
928 219
160 53
877 525
14 830
364 941
148 831
55 541
276 289
277 413
848 695
41 947
816 310
383 609
619 673
176 85
588 794
786 40
291 209
992 930
95 737
901 446
260 330
25 715
247 426
454 772
225 377
359 134
833 615
345 166
246 974
103 327
55 389
478 223
853 556
162 970
50 779
549 1000
356 604
532 902
256 251
782 220
168 567
519 90
585 647
236 351
125 684
273 310
859 335
848 857
428 305
794 301
619 774
174 605
216 211
858 726
237 248
770 338
239 756
845 602
884 767
612 452
316 649
405 437
935 359
597 734
877 606
68 818
927 727
732 480
474 272
257 640
434 882
130 251
22 896
297 201
851 95
836 863
542 314
855 903
982 726
694 507
915 945
98 525
290 255
167 996
73 706
80 672
185 220
243 39
636 621
234 182
732 217
271 954
915 469
71 459
353 707
349 220
955 980
98 348
462 531
999 763
564 769
554 570
710 640
235 221
643 114
522 830
535 32
129 484
839 275
741 278
795 351
763 717
66 507
525 533
103 489
981 219
62 201
953 843
163 812
544 679
95 868
921 229
631 925
762 547
563 856
747 215
492 155
541 848
237 968
682 599
539 623
792 43
22 17
942 960
209 626
176 241
619 842
564 140
256 312
970 717
989 319
972 217
258 148
576 332
407 142
10 366
467 483
430 142
456 261
666 621
629 398
920 830
939 900
94 316
461 640
216 539
381 723
434 187
90 508
507 11
921 699
336 954
460 619
925 745
151 48
249 707
50 491
430 944
355 522
881 613
219 90
418 913
115 806
817 293
116 265
407 278
963 75
249 684
358 510
286 363
414 444
572 219
241 279
131 903
938 232
868 257
407 135
248 319
67 773
467 488
967 778
643 429
583 1000
722 36
557 560
929 641
300 901
65 453
504 408
984 173
106 257
417 679
545 261
588 791
517 834
129 641
246 21
186 978
80 177
882 974
136 845
176 778
176 351
361 975
490 784
306 389
306 974
309 477
68 14
576 870
869 368
228 131
798 446
432 115
985 451
514 891
568 650
736 161
535 478
884 25
614 637
336 36
744 161
925 148
925 735
748 806
86 325
948 352
452 141
634 894
40 893
419 787
294 365
404 104
116 325
898 451
260 703
299 313
164 751
766 838
213 846
130 414
987 730
624 304
491 420
734 480
760 387
790 566
538 192
821 161
61 735
690 782
689 552
191 655
799 684
249 717
86 114
750 879
344 759
71 892
457 334
862 665
459 505
538 115
235 402
740 491
133 195
997 702
284 831
869 311
283 916
140 827
454 700
625 480
240 834
132 891
42 306
260 218
116 583
926 261
297 149
73 166
792 664
440 724
465 875
773 772
689 651
387 684
674 595
799 772
671 211
675 778
880 508
845 657
717 860
990 458
900 409
556 734
939 238
153 111
942 835
10 544
320 3
502 206
836 417
452 767
653 288
289 930
786 288
181 244
150 764
535 944
648 759
497 775
938 615
426 269
556 204
524 57
564 520
908 787
928 89
901 214
479 781
509 696
276 194
38 123
370 776
301 107
243 779
388 906
63 65
983 561
943 891
333 299
45 715
14 549
110 958
680 65
553 213
835 253
791 776
298 537
206 902
926 970
266 123
286 976
585 196
926 196
786 831
144 398
908 9
517 738
612 767
668 882
423 974
439 589
559 887
528 607
358 604
749 196
362 70
246 735
771 840
193 420
116 550
430 7
301 286
999 843
299 288
430 900
306 513
770 807
771 985
98 201
939 389
558 499
686 292
228 15
319 976
106 793
325 973
622 780
826 144
685 457
945 356
206 464
72 792
807 828
201 244
103 359
790 12
868 206
580 549
193 840
466 518
658 201
703 589
881 570
127 707
700 20
315 896
544 950
65 152
46 784
250 762
936 927
350 232
974 251
885 420
99 105
869 442
356 536
358 219
927 195
897 673
436 91
645 767
485 784
616 222
100 517
708 50
946 357
801 59
965 429
325 888
790 937
203 193
1 516
538 36
611 550
704 196
561 784
938 344
526 456
582 229
506 270
624 593
16 651
778 838
455 634
994 882
596 735
758 570
912 429
871 306
280 670
468 842
986 779
257 93
645 156
668 211
762 818
597 814
738 551
951 956
53 988
239 565
238 551
419 315
43 896
364 513
797 599
319 855
985 852
804 642
268 904
286 838
586 941
349 550
79 662
29 56
318 149
247 17
586 326
951 578
661 649
494 1
685 221
392 796
116 890
138 352
708 223
865 207
506 12
400 401
750 94
247 9
240 208
737 246
21 53
495 226
540 560
80 425
405 641
890 701
184 572
362 987
432 156
158 331
418 67
921 309
958 146
426 3
583 486
170 618
796 689
674 829
15 696
35 131
145 508
991 427
768 510
911 672
114 270
513 201
832 338
206 781
320 972
853 324
908 484
233 286
16 367
485 288
876 14
302 934
721 625
231 605
66 275
690 848
18 548
165 723
404 637
170 213
75 927
231 395
825 151
324 606
864 321
719 205
685 251
139 615
580 517
909 762
66 53
285 490
176 491
568 356
677 142
988 226
308 551
681 670
537 129
791 320
68 681
355 634
228 244
264 389
66 164
981 376
938 339
52 442
785 616
879 632
418 316
57 484
237 990
313 82
611 791
810 973
695 17
577 974
49 312
320 295
466 314
448 209
231 254
351 138
805 352
612 916
726 408
633 617
614 517
32 586
872 633
1 642
121 240
674 275
929 25
182 222
144 900
246 970
951 907
715 642
681 163
384 45
438 400
350 989
395 227
99 904
440 450
353 828
136 957
249 225
964 629
949 780
785 795
418 795
146 500
864 892
987 48
576 507
419 465
481 438
686 112
435 367
817 814
748 12
72 757
434 964
234 166
990 209
884 636
404 201
296 562
27 587
669 270
690 734
817 942
711 663
68 683
325 547
821 173
932 828
4 8
353 442
61 404
301 389
263 594
266 396
966 505
328 696
588 305
418 108
592 623
610 771
22 33
646 190
333 650
10 988
834 346
619 976
377 413
160 539
92 987
521 479
622 112
163 77
535 907
521 623
39 903
577 484
298 178
942 891
191 397
568 422
282 491
309 684
438 543
535 423
811 173
766 676
5 457
616 224
210 227
908 654
619 254
249 639
110 327
537 880
768 248
460 591
721 757
188 581
910 318
777 894
616 359
468 466
564 402
667 226
567 82
952 500
806 499
699 279
700 196
848 906
437 635
777 311
711 871
654 557
785 450
491 929
661 581
348 411
612 760
576 457
957 409
634 781
160 812
424 139
908 835
176 268
749 727
110 592
266 366
19 253
203 104
259 855
496 840
922 27
999 708
104 305
893 36
260 331
189 635
44 85
652 207
478 616
837 272
213 731
125 30
2 459
848 60
557 145
23 878
233 683
300 963
898 840
729 130
235 626
378 827
277 860
897 244
516 224
348 37
534 820
59 58
668 382
136 87
64 660
969 790
104 363
31 48
415 346
380 488
915 45
790 713
256 720
115 652
119 196
280 940
132 137
495 261
664 491
486 805
767 444
33 655
146 310
739 797
93 221
517 400
955 213
574 195
6 700
832 83
80 968
172 878
959 527
690 602
216 526
358 889
719 477
319 724
971 795
73 676
293 193
683 254
977 751
832 285
813 341
569 649
691 543
908 47
947 649
603 372
15 89
550 636
98 408
934 842
115 398
738 660
151 84
724 764
925 322
211 931
910 430
107 120
786 341
751 720
840 278
826 761
901 835
663 676
184 137
239 613
373 666
851 495
174 467
292 641
306 366
290 388
571 979
403 459
148 701
296 275
935 581
832 485
776 594
740 867
426 539
877 715
255 462
162 26
971 784
384 629
791 266
867 608
297 372
724 660
618 499
395 253
487 132
5 278
273 835
435 716
883 835
992 159
142 308
863 520
833 704
207 261
770 997
523 998
377 759
426 815
588 860
714 171
243 751
37 657
223 489
903 551
150 773
79 428
467 482
736 560
31 888
122 345
72 615
785 727
181 620
94 626
511 352
280 628
44 501
355 313
999 15
30 245
451 525
930 360
586 525
50 944
788 449
748 246
807 633
629 998
43 378
522 942
816 501
815 551
174 846
798 691
857 277
982 737
341 937
141 500
932 427
42 11
595 115
637 841
375 465
583 856
77 755
825 352
754 262
172 387
449 980
665 724
59 613
832 9
174 924
884 218
425 488
945 580
641 408
243 684
238 882
864 628
61 596
744 841
823 289
211 600
711 947
983 206
52 137
290 89
735 500
555 591
94 89
167 829
247 201
297 249
850 897
64 321
304 651
996 852
964 582
235 488
87 632
200 747
455 225
94 407
21 157
133 217
727 527
999 490
361 607
61 866
487 726
915 641
515 347
681 615
611 738
650 766
428 560
127 258
617 180
928 310
47 244
656 291
932 688
94 636
537 32
386 662
386 195
523 22
116 819
8 156
627 226
24 253
908 124
413 336
5 293
144 401
237 545
129 761
737 579
185 894
21 138
184 295
810 874
388 549
710 687
473 365
856 570
949 621
567 846
324 812
236 958
533 501
243 660
534 994
234 888
530 342
877 738
206 21
327 12
538 310
94 673
957 288
140 742
851 655
46 906
546 99
506 676
965 288
859 805
35 272
109 265
271 14
5 531
312 85
126 250
656 714
858 399
844 809
996 520
393 987
498 963
428 260
566 321
670 810
426 922
237 939
164 157
6 720
591 440
928 659
580 970
465 906
283 242
580 796
232 53
549 8
512 391
821 387
773 288
519 369
685 9
351 606
580 353
643 730
502 21
928 124
485 446
938 372
280 346
622 778
418 627
736 506
437 315
511 260
702 724
920 795
760 496
579 254
689 659
467 824
978 783
837 148
263 609
730 427
575 778
125 632
345 389
171 822
2 558
830 397
374 360
463 684
890 632
320 27
670 346
585 84
252 176
414 195
778 56
291 906
825 275
263 199
115 376
297 816
834 662
999 842
502 422
412 493
850 592
737 563
163 155
271 346
592 145
892 533
370 461
951 813
888 701
685 717
227 438
62 654
374 306
639 613
272 679
259 608
555 538
507 625
721 822
406 829
168 886
78 963
407 27
636 12
584 655
338 348
34 7
216 873
536 381
746 609
238 645
722 152
668 311
634 214
210 123
335 735
502 837
326 224
899 368
490 885
116 140
436 774
525 427
585 933
866 37
792 779
119 409
981 190
983 901
380 107
630 772
716 717
274 194
95 656
560 727
704 849
136 563
526 634
67 316
692 211
937 85
81 886
255 277
418 507
829 660
205 406
76 757
151 190
575 893
118 157
619 69
69 465
747 930
961 903
716 998
438 654
754 519
366 268
573 396
901 15
498 956
460 33
670 793
177 123
331 82
146 599
680 366
437 559
706 841
83 903
391 397
726 111
636 662
961 515
54 585
290 342
275 579
921 847
424 273
118 159
653 640
861 230
883 592
42 659
21 599
83 741
818 157
638 959
127 739
848 101
898 590
741 525
811 390
225 255
523 522
373 431
672 501
800 314
877 378
362 487
539 253
109 15
468 881
862 40
645 462
994 224
703 886
595 601
669 290
908 747
799 537
530 744
262 450
452 756
584 466
992 54
276 812
498 259
297 481
371 614
912 130
935 408
432 328
42 693
128 166
355 165
718 538
590 335
994 620
104 944
609 459
371 928
202 363
482 558
265 390
212 462
216 927
108 674
23 559
512 527
940 579
785 821
794 93
77 707
541 10
45 37
428 504
856 89
893 673
279 693
416 901
362 816
555 303
295 918
359 974
298 361
11 551
512 565
824 444
74 141
789 215
385 145
143 789
61 982
371 623
636 417
964 504
802 271
289 893
785 656
39 25
861 149
280 691
978 131
137 673
546 351
753 974
231 934
895 880
622 664
938 110
442 139
206 789
668 577
47 389
582 207
970 793
749 822
92 530
191 491
618 1
719 994
151 427
392 779
190 834
528 893
49 737
820 896
879 744
839 599
721 762
633 510
6 721
80 408
794 819
10 668
688 679
945 303
174 107
647 310
191 956
894 608
236 27
590 563
313 527
454 775
648 53
760 282
136 212
332 762
997 377
174 182
394 219
32 842
507 552
915 919
509 772
590 674
42 653
936 262
823 378
888 446
870 242
834 499
801 183
160 57
16 350
283 226
823 663
661 675
829 257
443 881
79 328
318 453
193 39
819 287
250 365
120 469
44 974
170 273
98 850
132 419
573 893
802 683
958 433
107 445
966 579
199 339
327 286
844 132
333 38
539 734
578 376
924 679
869 343
971 632
873 89
67 430
233 359
213 782
252 319
768 256
400 165
73 513
284 882
167 262
346 458
209 805
739 363
194 480
443 718
250 702
931 572
125 877
676 579
787 141
645 330
536 907
169 166
59 579
794 473
393 27
754 599
788 655
233 724
549 651
143 227
271 990
78 702
292 113
86 278
556 888
375 559
34 920
801 426
31 355
677 215
953 489
759 689
24 542
96 699
596 812
501 155
981 886
481 353
695 734
141 880
638 328
823 884
969 419
865 456
121 235
443 798
816 345
409 520
174 930
858 748
656 519
81 834
110 593
497 142
231 90
186 730
295 12
826 467
25 600
317 511
502 37
102 542
858 671
69 217
804 396
553 894
810 137
255 226
983 51
977 379
633 950
961 496
482 17
961 639
307 712
213 372
692 761
417 204
193 120
437 129
188 808
135 676
854 562
863 90
837 672
731 165
677 161
509 815
165 322
898 548
275 254
149 947
206 881
19 464
283 334
583 717
124 458
714 166
425 282
474 764
110 141
644 845
549 721
375 818
136 39
617 223
946 456
484 472
734 806
751 571
771 66
822 90
938 299
991 551
297 463
850 591
210 792
767 486
964 912
772 970
642 429
435 601
493 466
356 27
864 735
976 948
697 158
64 381
10 92
981 888
502 222
773 214
123 120
141 471
52 665
553 513
241 839
385 859
532 334
247 195
319 758
729 315
92 717
57 8
671 513
828 742
441 604
557 427
373 665
949 695
853 730
637 157
124 48
584 715
823 502
385 207
422 387
98 128
192 837
634 932
945 332
585 805
967 488
436 686
492 451
899 645
361 783
921 355
243 531
210 930
63 260
506 950
103 30
307 293
914 263
697 621
516 215
468 956
367 264
131 115
351 980
653 543
266 867
323 165
949 153
144 331
484 724
771 399
982 430
751 265
299 444
428 933
92 301
362 334
871 520
74 218
240 25
403 106
42 470
5 701
951 595
450 572
706 903
637 913
718 194
569 379
710 520
889 621
681 200
92 490
454 756
240 104
968 893
167 775
439 546
929 769
170 655
928 709
535 886
503 218
821 262
821 684
532 689
871 262
289 798
648 708
645 841
922 206
906 715
231 187
710 865
749 111
806 201
146 657
327 25
754 720
96 624
708 328
614 632
958 389
319 483
871 822
658 410
710 47
13 469
566 149
326 339
317 835
519 975
741 843
134 257
121 166
708 942
682 348
503 980
968 563
476 942
683 88
829 27
225 676
64 322
284 632
711 398
342 215
879 505
60 540
557 720
554 778
963 511
415 954
725 687
359 560
107 693
210 483
770 389
898 334
238 919
558 489
21 696
519 201
260 970
333 897
246 482
211 188
11 510
341 859
487 411
141 676
915 753
515 491
718 808
645 582
116 327
80 608
760 589
708 779
972 381
121 175
597 578
361 376
912 120
795 818
327 191
844 354
57 688
60 157
791 272
200 684
559 308
726 666
225 586
285 789
234 943
213 422
289 131
434 407
247 450
96 964
100 820
102 677
216 265
986 504
487 669
951 656
236 974
256 335
574 924
222 820
42 141
995 756
712 328
342 7
509 558
658 979
55 998
522 514
246 675
724 570
283 26
525 567
620 353
103 527
380 880
401 797
832 486
40 672
607 560
784 208
776 137
406 452
549 577
541 962
711 61
485 662
162 824
344 139
765 484
590 728
614 200
581 270
258 893
5 586
65 601
94 212
663 651
750 999
786 228
553 828
925 222
492 3
811 161
478 453
188 195
154 7
848 330
380 508
968 985
163 303
92 351
95 869
917 85
3 653
776 33
971 156
544 77
121 185
428 723
341 222
103 979
252 948
309 970
143 519
664 172
113 410
242 309
952 578
119 89
466 608
983 542
925 815
803 291
184 134
370 691
181 223
385 462
349 821
740 411
890 831
541 513
999 702
799 557
857 225
839 465
487 764
492 938
1 608
596 272
130 603
437 589
792 191
921 439
686 298
922 561
563 998
57 742
987 377
163 875
148 157
849 693
386 173
76 756
741 314
667 651
923 510
851 781
31 908
361 367
159 369
217 937
270 221
897 735
550 563
934 324
295 672
32 911
558 613
850 866
230 918
743 411
616 907
467 689
442 757
782 312
325 691
961 616
172 702
431 762
490 144
681 318
151 390
869 738
963 475
191 458
374 830
622 235
995 288
714 254
181 442
770 361
256 665
994 1000
76 400
443 972
6 539
744 852
423 316
837 244
527 157
228 292
669 93
74 919
588 272
71 572
740 229
103 505
225 575
834 944
832 650
373 999
102 871
892 976
197 230
931 279
951 413
963 479
91 22
612 109
523 65
83 332
524 414
232 156
983 556
14 169
910 822
255 575
804 697
864 961
683 202
151 381
81 425
872 332
102 491
594 230
726 529
471 603
736 927
252 54
606 470
71 420
879 139
492 311
958 709
23 193
675 700
299 399
597 812
124 691
250 882
396 501
833 109
665 562
667 495
239 633
521 112
466 954
729 960
333 814
861 941
147 493
574 985
66 26
812 9
68 687
78 710
173 427
104 217
174 305
216 776
729 702
286 812
200 822
848 130
816 482
725 905
194 527
601 846
963 595
836 354
821 486
197 769
889 743
844 127
646 19
152 190
855 525
338 707
493 258
926 366
710 427
602 288
802 277
252 444
494 129
952 783
737 527
792 259
593 707
216 284
814 46
854 540
546 325
964 180
431 368
397 640
127 875
936 259
994 9
98 50
26 279
748 576
68 347
858 322
786 743
876 562
309 607
509 738
990 229
611 349
519 316
921 85
647 470
373 237
176 615
525 363
164 649
88 830
380 708
364 987
501 947
333 867
844 319
373 158
927 365
471 354
214 8
949 75
875 244
493 500
441 860
373 69
133 126
559 941
764 913
322 169
124 304
965 390
949 755
935 807
19 558
455 793
131 767
40 824
173 413
561 716
62 452
677 105
802 632
776 308
34 923
235 435
31 168
770 474
45 828
406 668
741 613
448 211
813 931
671 648
342 453
109 145
718 762
770 122
961 32
412 58
176 749
728 906
784 551
323 504
588 308
47 137
517 677
384 47
882 738
901 465
425 296
831 453
304 258
59 859
748 562
523 291
158 458
415 728
697 404
19 92
991 277
150 320
338 906
879 314
211 905
802 60
803 182
108 288
130 459
276 286
443 880
34 470
100 972
48 149
283 747
494 563
34 344
586 909
807 130
573 294
866 263
656 721
81 648
667 129
597 704
292 891
785 318
201 764
134 960
609 776
774 706
829 482
868 758
189 472
102 241
790 238
620 886
549 318
751 155
236 623
420 169
370 569
150 652
72 584
304 901
782 230
982 155
110 332
948 956
237 445
790 829
151 781
100 971
28 878
928 385
218 339
911 149
586 459
988 427
471 305
165 177
239 158
421 7
39 600
132 327
812 363
830 758
619 120
448 491
447 365
30 410
92 291
340 787
255 577
982 177
644 33
538 77
574 877
494 694
70 215
26 504
707 738
503 973
449 601
49 508
851 847
949 673
434 101
337 406
383 657
576 459
741 527
426 315
915 460
598 860
181 979
144 717
234 540
110 598
436 301
936 398
386 518
168 621
4 422
171 702
78 798
372 642
247 310
62 510
86 880
126 267
364 626
515 50
14 196
280 982
695 201
101 130
637 901
674 314
748 853
13 257
125 28
674 398
716 929
750 293
293 880
130 442
882 527
42 397
225 187
563 930
941 827
478 266
449 389
646 811
549 917
824 183
695 257
242 215
754 136
403 129
31 273
612 62
333 448
766 48
192 22
865 379
928 213
80 175
485 178
435 881
400 941
899 11
612 827
830 220
760 707
372 220
688 757
558 653
563 950
83 695
158 260
531 161
1 20
854 930
26 223
436 860
916 420
668 593
210 793
981 662
467 212
178 741
430 242
103 952
876 358
641 36
536 270
598 146
276 827
975 82
870 700
299 152
62 985
581 183
186 450
144 849
146 470
184 530
526 127
569 157
576 473
80 350
355 641
317 757
908 506
211 933
540 781
876 191
225 481
532 787
516 693
27 278
192 156
925 134
746 40
177 275
16 458
949 169
237 238
790 689
879 41
685 518
233 610
121 155
304 341
583 575
107 408
236 572
170 525
996 874
671 264
945 351
266 913
737 931
351 875
295 913
239 927
807 900
574 83
576 875
441 763
586 390
481 489
890 785
814 974
963 496
229 161
994 530
362 316
984 508
695 895
473 637
772 444
383 466
521 145
719 357
373 140
52 250
342 932
74 885
925 662
756 642
294 827
850 424
831 414
741 215
961 30
483 187
455 582
160 705
123 311
732 900
750 95
611 74
938 742
745 988
872 724
85 649
928 139
47 270
568 279
378 272
932 469
403 331
645 979
923 570
447 103
361 596
213 923
786 559
677 401
605 84
474 3
656 315
848 662
44 607
887 480
781 956
174 629
907 693
653 510
126 295
736 930
809 954
670 187
336 805
668 446
958 277
502 20
562 111
528 419
610 317
513 196
1 882
532 714
19 505
861 353
522 282
961 349
465 720
817 334
590 265
103 617
154 991
179 690
492 756
990 704
864 815
950 226
205 603
318 264
174 525
376 196
602 456
710 857
986 510
752 469
94 723
710 119
132 895
355 732
683 716
265 264
134 366
889 906
467 959
908 308
35 726
34 818
697 242
53 513
978 402
764 902
25 7
718 298
871 496
280 591
965 123
986 589
401 795
293 860
276 602
596 855
298 254
553 701
946 207
233 309
30 713
967 717
255 670
454 446
148 893
220 642
539 970
920 557
540 878
189 376
618 822
286 647
468 614
270 427
384 192
630 824
95 114
479 772
614 188
326 335
279 733
304 482
584 308
808 904
255 376
587 111
593 442
680 480
337 644
862 544
637 486
840 974
69 484
745 339
70 839
468 643
255 946
255 457
735 947
475 530
478 168
861 887
656 570
604 128
679 157
739 846
276 720
703 860
941 12
545 342
186 264
675 621
394 679
125 489
241 756
754 762
876 821
405 191
812 913
597 229
428 240
999 363
69 151
327 148
934 132
241 136
332 916
315 251
498 825
584 990
137 642
134 828
395 764
392 610
677 595
1 837
159 717
643 607
910 484
499 896
758 956
927 417
487 366
72 312
91 571
68 10
294 427
754 105
862 382
79 352
634 745
564 960
546 599
46 780
436 239
507 484
144 218
626 649
211 655
133 234
993 427
574 7
423 226
906 895
594 972
304 37
538 780
358 957
574 636
622 787
290 8
457 632
534 912
648 20
78 524
119 160
428 382
169 742
383 947
388 793
78 334
768 995
961 607
148 923
130 378
147 584
168 835
461 695
697 52
232 705
1000 918
985 459
34 459
821 221
986 713
326 547
493 305
42 846
350 336
759 570
815 965
943 720
81 969
736 145
716 148
534 503
353 251
312 917
97 215
667 175
792 739
372 705
999 519
925 672
454 43
538 478
473 865
328 615
826 490
292 629
213 874
169 120
722 254
334 279
318 717
851 789
64 266
993 421
379 954
512 272
52 118
252 971
698 570
717 655
170 594
542 188
19 745
599 352
210 151
715 623
86 7
823 198
42 841
4 896
442 111
703 843
6 489
669 295
762 123
442 843
49 135
969 1000
940 960
861 885
370 816
665 640
943 793
405 202
650 212
634 433
544 558
304 889
928 133
730 621
910 674
233 646
832 478
492 808
237 182
400 582
460 45
384 640
593 422
765 696
443 654
639 398
834 904
384 277
502 239
711 903
750 45
694 676
41 191
332 477
977 461
539 180
167 950
488 46
749 759
953 753
329 244
252 578
129 414
739 874
333 965
265 761
283 208
301 209
252 78
74 826
255 195
902 705
302 78
6 814
460 917
611 664
393 674
853 111
945 966
450 444
13 856
675 45
566 347
509 340
91 889
274 187
992 882
754 881
981 669
902 500
960 363
578 214
944 757
370 766
981 139
892 141
250 560
26 284
140 408
436 878
914 641
644 486
682 223
459 657
228 691
597 534
443 104
203 421
322 651
434 388
786 378
648 172
19 226
225 787
864 439
424 406
81 410
616 230
601 739
563 84
710 229
451 229
490 328
237 716
435 457
951 176
496 36
918 827
885 65
425 104
81 299
300 6
193 196
124 706
32 651
170 382
289 166
382 197
231 203
19 887
888 917
375 453
133 456
27 93
576 351
598 729
850 318
789 849
984 110
992 691
917 311
790 47
866 84
927 653
926 112
765 56
76 90
877 542
490 288
768 419
229 352
186 146
996 606
858 250
61 892
977 531
315 230
664 137
428 973
910 516
178 453
364 979
771 104
576 619
792 600
280 525
777 881
888 151
855 365
106 316
659 702
587 429
341 85
91 887
129 312
990 954
221 82
538 148
864 38
116 885
580 196
874 149
801 196
696 842
965 398
142 972
346 254
487 546
682 282
386 975
167 267
436 783
889 329
462 893
399 900
798 763
586 779
362 612
737 173
681 217
940 339
580 848
585 706
67 370
836 268
583 784
436 583
680 475
754 382
700 89
332 598
593 708
243 85
868 957
975 891
778 389
890 142
727 880
502 88
571 707
334 653
801 126
225 113
678 937
994 54
347 51
76 24
561 278
799 276
160 542
803 356
787 30
240 273
129 789
664 339
97 803
993 598
879 435
388 51
669 845
689 381
891 82
283 953
86 783
801 753
694 389
492 562
537 843
58 491
665 756
719 553
116 165
202 331
68 624
680 782
20 470
785 165
179 946
770 348
241 700
494 702
188 745
292 990
943 828
468 554
32 235
965 882
181 971
936 337
438 828
40 379
519 456
777 569
133 104
890 248
116 601
205 927
362 10
396 941
182 716
435 762
97 804
224 684
922 831
890 773
451 177
375 442
379 264
344 640
680 997
552 954
537 924
607 641
441 490
993 728
150 450
524 686
279 504
711 205
605 842
939 506
127 410
787 696
718 716
185 416
386 227
440 543
64 958
391 374
231 424
175 431
73 182
531 264
436 730
399 470
867 673
419 396
457 705
59 885
481 954
371 903
63 654
357 219
101 18
100 846
432 769
213 326
591 789
826 209
31 835
488 45
96 510
298 854
152 629
744 314
337 900
836 797
230 4
577 459
380 625
658 780
986 641
825 927
715 904
610 968
789 828
991 197
539 51
775 946
691 313
884 780
358 344
307 589
660 402
364 508
865 766
978 761
539 822
995 111
961 877
136 973
853 576
783 352
911 693
491 444
754 132
511 634
666 37
488 120
196 543
211 567
983 614
656 728
786 683
235 947
434 673
162 316
951 452
404 173
994 60
760 167
890 448
871 632
52 352
597 589
71 478
112 277
789 837
630 390
611 752
553 999
449 769
52 279
364 609
475 213
556 282
723 657
16 929
373 323
249 282
781 273
106 846
23 130
897 743
231 192
517 860
366 354
494 840
524 463
827 105
563 860
560 543
423 309
619 271
877 3
862 87
590 120
574 918
3 840
959 397
445 194
446 208
162 334
1 513
937 679
810 8
994 166
23 144
97 444
941 440
799 900
162 638
141 229
984 90
509 982
73 797
40 883
441 366
23 346
227 145
475 916
872 27
709 919
69 957
283 795
252 485
127 262
143 869
627 220
592 906
302 262
116 482
390 224
565 670
342 27
697 635
872 37
435 726
76 816
361 144
993 651
461 874
813 469
652 835
545 322
49 677
690 941
654 330
549 709
949 224
170 264
809 808
275 465
314 707
277 445
611 766
384 114
412 813
925 37
229 367
598 551
910 46
434 223
839 971
454 154
271 496
385 223
521 656
886 756
99 258
589 895
607 533
321 268
502 182
128 195
519 769
326 352
515 190
121 73
396 810
477 311
473 140
914 113
541 88
541 387
853 401
391 694
540 282
888 603
362 105
185 281
553 634
74 488
685 687
593 166
423 724
117 603
101 817
778 653
23 975
174 376
413 960
677 846
677 409
734 881
825 366
203 14
495 196
426 11
371 74
798 902
803 709
461 991
587 484
915 755
436 440
516 351
298 171
937 687
832 946
977 756
796 168
173 134
301 924
69 943
584 669
86 456
841 767
622 943
511 542
534 714
790 127
556 967
646 357
833 831
407 435
179 901
375 511
654 165
568 241
821 130
125 724
236 953
682 153
866 490
866 576
350 474
542 208
528 815
989 729
274 820
68 130
675 442
814 838
397 330
630 769
271 922
1 223
592 166
459 913
701 626
153 849
541 702
853 65
862 661
269 85
736 486
202 270
165 666
849 268
133 603
150 924
355 922
248 192
763 188
601 9
237 22
922 145
935 225
521 181
872 714
176 828
870 251
583 254
931 617
159 408
362 532
535 972
503 254
41 211
740 414
441 753
248 489
916 336
216 733
432 938
179 390
713 527
532 85
704 917
21 29
424 319
443 525
460 378
722 784
961 947
344 729
874 500
563 598
725 257
252 583
560 204
290 699
305 486
116 749
631 560
678 960
143 475
391 904
693 444
864 273
717 849
665 411
535 782
280 706
390 822
176 197
943 613
342 254
596 445
473 560
384 288
519 314
884 440
922 887
741 17
103 929
121 409
681 825
966 729
481 45
498 277
86 254
298 259
797 581
926 379
49 229
160 827
680 224
514 755
487 591
881 988
327 321
890 738
699 175
419 778
428 8
167 152
633 569
129 209
561 130
630 763
16 286
380 896
343 12
712 884
879 338
439 82
791 313
337 518
418 142
861 389
986 288
624 995
415 197
515 852
40 575
809 183
791 564
358 651
150 274
279 207
210 9
396 218
709 662
283 895
712 859
30 946
217 662
198 464
516 822
255 220
419 367
38 105
350 602
132 425
371 38
775 321
192 793
815 291
487 110
53 169
328 979
164 108
383 376
330 372
955 709
509 402
978 149
580 532
83 20
225 32
193 724
136 706
763 797
489 352
399 279
692 828
645 433
132 207
939 201
169 464
337 241
230 547
765 44
802 22
72 733
949 165
419 135
147 778
804 995
99 590
818 621
88 359
127 499
199 621
256 301
610 52
936 185
170 312
118 146
80 881
781 456
927 180
50 552
768 835
941 923
436 753
544 784
861 336
989 838
612 586
97 88
43 900
523 190
304 342
502 827
804 865
361 776
160 365
487 263
809 605
112 960
403 268
631 282
504 838
428 508
104 261
51 843
518 662
79 775
897 354
48 932
143 909
644 870
205 18
538 90
900 529
119 829
636 310
67 670
987 819
675 520
968 467
985 843
699 69
826 839
683 399
866 933
850 478
443 387
64 407
612 134
67 984
413 764
767 254
50 547
685 56
454 235
683 995
260 507
949 980
524 319
826 670
619 642
967 860
656 53
736 707
716 476
208 281
249 408
37 904
591 812
478 705
959 381
10 459
210 428
138 209
47 505
899 189
87 605
895 998
897 849
309 8
609 111
898 759
811 964
885 266
403 942
210 681
76 353
124 25
198 880
325 136
861 667
952 169
751 539
590 881
984 661
576 533
519 346
519 87
958 782
98 863
943 880
636 444
750 512
804 506
571 465
317 874
796 200
459 245
519 476
80 238
652 988
62 824
926 557
31 636
175 635
140 559
678 234
804 73
474 628
995 815
680 620
866 85
333 613
797 331
814 603
244 902
80 398
532 453
915 439
681 88
681 531
791 600
404 206
773 520
61 294
124 117
128 904
47 824
945 553
674 105
748 416
986 439
136 965
255 878
916 675
283 190
609 900
264 933
648 169
982 571
333 839
493 896
945 300
325 657
951 370
148 525
60 549
848 75
616 87
851 816
121 664
983 311
694 69
291 491
897 229
941 410
681 862
61 553
671 209
764 793
967 660
575 641
197 676
92 740
695 784
746 529
419 758
683 232
276 853
995 234
426 198
946 913
474 716
526 347
298 296
782 705
776 296
770 322
538 806
996 379
243 395
888 159
541 870
193 536
361 859
682 538
568 391
829 881
915 939
19 465
440 197
277 701
776 244
558 219
438 235
193 649
711 874
238 456
67 173
758 632
295 131
298 869
889 676
572 606
309 411
731 883
92 739
865 882
285 823
128 679
443 744
580 277
29 431
485 354
162 410
435 104
573 415
737 278
96 154
847 482
373 828
273 855
383 966
813 965
529 738
585 539
813 400
528 942
243 817
774 268
260 479
370 748
484 224
122 111
182 499
395 202
900 244
80 415
74 561
418 210
76 781
23 345
886 944
43 886
524 728
945 707
710 183
233 623
863 565
206 43
150 884
523 234
706 518
798 495
887 723
486 363
568 603
888 606
127 623
845 944
275 37
757 105
575 365
722 979
118 701
571 767
232 305
189 715
90 947
586 540
54 30
989 956
77 756
425 257
885 512
519 442
174 825
799 261
747 220
585 137
604 168
243 694
309 452
220 244
577 458
460 714
674 698
545 954
319 714
178 970
656 273
568 755
252 868
984 471
241 732
774 907
115 199
816 290
836 378
639 598
530 134
400 495
181 614
457 366
185 424
538 326
460 86
595 190
595 757
559 137
530 103
907 529
150 452
645 363
809 425
403 901
298 24
872 787
779 705
216 493
158 670
712 113
859 575
768 827
866 314
18 852
910 299
885 698
996 656
719 351
978 229
983 29
804 251
382 459
350 883
677 191
646 87
44 619
337 186
373 209
799 926
754 794
121 918
912 562
985 28
14 22
74 840
231 933
628 601
789 693
774 797
595 762
541 842
833 968
67 510
997 29
177 354
783 326
930 470
200 221
751 570
760 84
884 120
848 46
539 226
650 918
115 442
694 429
526 28
14 869
236 384
663 328
975 458
25 903
64 393
637 759
163 894
654 693
802 664
415 308
832 85
292 1
58 396
167 546
386 90
920 585
426 616
667 570
186 838
961 12
302 94
767 572
949 604
237 666
984 483
492 115
257 402
854 987
42 469
595 281
995 924
260 694
23 352
823 550
984 881
117 389
333 765
350 943
667 702
741 976
978 258
211 401
81 316
819 27
141 913
915 962
823 853
554 475
681 721
974 878
371 215
392 880
347 642
799 586
667 440
140 245
839 640
73 948
999 691
555 360
521 390
848 835
487 865
997 495
321 8
645 500
762 194
390 715
263 990
892 833
14 480
951 833
533 166
110 20
864 195
434 746
719 272
519 407
25 887
61 454
706 464
94 290
781 258
898 812
746 904
141 366
459 348
110 793
401 363
256 45
384 18
216 772
225 197
461 220
561 291
373 453
83 208
678 972
216 801
179 193
897 416
271 218
185 567
719 54
369 723
955 814
299 30
628 465
964 260
677 845
210 298
628 508
719 360
994 268
167 426
473 357
58 363
248 331
377 374
564 14
569 440
380 773
66 982
950 153
532 620
497 106
405 353
86 326
851 54
691 974
356 752
965 558
231 606
474 398
364 906
550 525
99 763
844 669
328 672
81 622
373 524
9 570
614 965
732 734
571 25
678 284
700 316
683 284
225 335
425 842
612 37
427 90
435 377
302 189
665 486
406 620
877 734
785 557
848 396
75 115
147 862
238 384
424 142
667 218
375 108
174 62
750 532
450 757
234 755
116 823
515 30
71 921
424 657
920 163
611 937
426 923
283 326
614 13
525 105
682 402
160 157
788 118
550 516
845 652
771 652
350 896
385 780
685 355
996 325
814 311
246 721
356 712
530 881
307 664
234 472
737 193
696 120
516 182
183 90
574 638
576 841
519 171
460 343
245 82
138 329
48 268
