1000 9876
102 595
693 340
677 895
682 967
992 964
816 769
946 848
659 333
882 62
699 604
167 118
668 389
636 497
322 73
125 628
113 84
367 555
319 692
450 805
235 569
507 646
938 30
132 105
99 22
451 625
907 777
126 829
199 51
476 724
574 5
632 886
852 943
997 206
108 495
695 991
442 727
578 203
690 548
217 353
770 537
882 597
134 964
908 943
395 580
986 727
324 632
511 208
439 279
39 889
292 872
64 107
451 701
468 537
99 277
532 943
936 79
41 877
724 54
12 90
742 633
364 453
351 729
779 696
173 233
818 158
432 301
239 408
439 170
672 935
541 807
879 616
699 478
666 141
357 894
965 383
509 420
29 129
580 346
284 911
858 548
50 553
949 907
915 535
254 857
720 589
974 118
922 469
444 785
428 366
858 471
909 761
654 733
552 586
370 221
669 397
837 599
567 274
845 76
973 23
901 714
519 143
800 563
15 348
950 265
493 178
848 463
649 306
423 139
850 629
263 610
569 491
471 671
185 498
494 356
82 922
657 570
229 985
425 332
320 438
467 585
393 302
195 598
622 979
260 26
14 41
571 157
472 378
972 277
60 447
978 854
562 537
662 52
710 417
549 877
967 18
260 824
27 95
355 378
553 695
485 995
844 686
352 724
79 867
434 211
141 124
738 24
875 771
226 471
779 599
563 972
182 394
609 158
221 80
885 249
410 257
999 65
443 754
841 99
309 573
993 168
221 535
225 262
281 20
870 246
945 13
234 92
804 192
309 686
296 567
116 88
262 284
788 700
777 677
229 424
983 787
422 545
919 497
246 805
836 87
584 8
186 364
909 779
101 127
929 204
17 778
785 928
510 701
95 593
242 7
647 318
299 84
726 477
796 188
795 724
632 498
51 580
125 587
678 675
806 500
622 826
761 879
812 669
561 667
104 218
235 624
364 788
184 210
846 580
384 36
30 769
212 672
216 291
918 319
87 608
306 835
574 114
995 27
652 808
191 518
748 961
248 788
89 68
184 304
792 687
460 485
919 371
300 737
544 143
108 70
594 765
120 559
191 885
782 808
732 659
625 453
697 976
754 675
495 759
61 329
211 164
946 17
175 449
509 798
969 496
875 321
757 113
466 426
913 745
382 238
790 81
187 12
745 554
286 464
400 851
669 406
983 977
287 974
969 163
864 71
580 259
713 166
487 567
551 642
590 860
868 518
25 868
724 546
194 629
67 481
86 591
358 288
708 405
363 47
116 850
9 440
259 149
574 579
298 838
318 285
508 123
47 744
866 986
186 755
189 528
480 924
906 232
342 502
489 578
204 499
441 807
388 250
685 636
449 508
380 300
482 380
377 530
51 465
895 752
654 275
32 558
138 547
108 373
255 742
894 514
147 851
708 792
880 373
308 710
881 140
627 928
847 915
499 769
609 914
39 19
772 196
757 898
406 462
27 7
778 885
840 850
14 259
435 362
164 148
558 956
409 331
420 426
288 600
589 986
770 852
255 58
516 336
594 624
923 382
283 735
212 239
149 762
461 568
351 740
562 101
615 865
374 527
488 746
183 47
166 827
338 84
12 149
140 930
992 185
760 197
867 747
149 728
603 529
106 91
141 584
73 274
89 903
349 741
44 149
547 118
201 438
935 711
607 890
159 501
254 909
312 404
590 43
552 50
774 210
815 898
870 363
46 921
17 833
732 328
237 934
523 175
67 251
983 57
397 950
750 485
310 909
795 751
669 202
318 392
699 607
422 474
752 543
308 21
423 964
797 161
839 316
180 207
826 569
187 829
282 539
504 679
178 920
473 236
934 35
592 689
189 248
497 349
856 299
50 350
786 106
398 860
627 956
919 330
131 453
317 426
587 26
951 981
114 936
723 554
80 728
689 718
302 171
877 461
329 207
610 72
810 390
795 486
173 454
176 630
140 145
359 31
550 332
199 630
917 583
960 86
245 468
887 517
727 848
68 435
231 33
433 234
61 906
126 329
404 989
900 570
425 606
175 622
866 755
941 227
62 916
102 161
909 901
58 459
797 932
367 436
24 326
10 313
284 904
105 125
882 718
778 968
741 296
689 453
506 891
791 728
590 7
764 559
186 329
405 937
169 887
266 481
517 311
651 798
66 274
712 256
591 159
458 728
366 449
276 809
6 374
137 485
636 423
564 388
985 745
108 520
623 155
383 248
916 377
60 747
315 882
372 833
17 728
844 235
342 524
778 713
446 624
764 434
255 293
415 808
125 648
645 103
351 90
78 774
584 903
783 233
734 665
241 422
437 941
353 418
373 815
179 26
571 812
150 553
882 468
203 416
118 29
819 839
588 853
348 530
899 130
113 435
785 31
252 834
291 850
245 218
425 664
176 530
749 631
128 725
771 109
311 188
9 475
810 525
151 279
927 342
377 428
761 848
23 857
301 23
887 762
583 385
876 934
810 815
779 308
805 24
12 349
974 177
405 122
842 878
215 279
343 450
551 665
73 298
931 494
684 241
716 943
475 123
833 845
775 102
119 396
930 13
438 284
884 324
423 72
835 947
229 137
332 134
777 791
426 207
319 920
513 829
328 549
369 399
497 82
388 775
579 44
872 34
881 741
978 754
894 919
132 268
632 610
817 752
378 294
584 709
187 334
687 707
635 242
946 635
393 329
179 344
401 182
562 939
854 195
181 539
829 415
425 402
909 295
914 255
476 524
437 818
114 609
348 798
724 282
781 365
107 503
829 979
992 594
39 947
80 672
975 163
514 475
307 331
26 225
102 444
984 357
698 671
435 559
370 892
16 102
245 317
616 959
448 977
16 245
259 535
366 611
167 598
760 170
63 513
154 879
282 344
583 547
133 969
220 508
77 421
666 194
334 108
172 127
90 528
136 948
632 83
975 749
334 159
561 105
524 379
323 906
932 528
243 163
372 453
985 918
557 483
626 928
635 594
617 35
687 100
39 92
918 673
557 415
280 373
981 563
416 373
824 370
73 770
180 24
665 582
596 891
911 201
679 198
114 449
886 611
152 734
317 316
320 576
156 254
277 898
904 232
377 642
223 71
427 695
501 289
449 142
32 146
515 607
311 544
114 321
478 19
481 285
377 476
378 911
761 650
880 552
228 615
620 511
218 871
404 740
204 662
120 681
982 621
631 131
18 718
240 834
187 333
176 730
583 299
144 120
879 880
165 670
866 893
405 367
174 164
583 440
695 855
400 801
495 1000
603 995
215 505
157 268
823 254
456 24
387 586
601 191
409 902
949 516
145 908
443 355
928 769
746 8
675 12
720 611
673 583
295 359
278 531
452 258
76 406
815 909
686 325
376 540
30 99
253 362
751 223
17 433
973 711
703 856
800 553
980 911
216 672
87 231
91 224
590 202
550 832
655 778
269 165
911 188
589 50
368 698
756 613
151 763
243 586
831 117
924 825
266 93
12 911
786 822
513 662
916 725
703 143
737 371
330 733
938 28
471 840
558 652
904 19
937 46
126 690
456 922
496 395
207 471
902 669
800 179
753 885
737 616
683 526
813 979
815 5
49 622
417 898
482 820
581 781
703 756
583 382
400 111
148 645
123 955
89 639
697 888
24 570
905 843
770 358
654 590
516 619
330 450
336 907
906 523
524 78
746 842
693 833
205 679
301 212
158 871
675 91
718 351
242 684
465 459
163 796
419 486
883 141
646 859
741 343
98 827
137 697
709 867
505 811
107 939
695 298
698 122
817 408
538 496
588 948
150 852
216 700
158 291
315 931
132 410
151 686
688 282
103 925
786 907
324 606
860 568
754 23
686 868
726 145
266 357
364 818
347 516
94 708
316 973
796 327
639 801
506 431
144 742
27 307
636 245
752 282
127 482
960 92
425 108
692 182
640 537
402 324
190 703
113 987
818 975
88 208
16 349
363 54
495 623
399 803
390 923
800 445
50 52
253 539
405 310
408 582
351 686
528 343
679 775
40 369
721 255
245 344
598 724
12 207
680 16
81 948
888 452
871 133
365 768
201 275
612 779
277 78
211 710
695 680
414 489
716 857
341 230
349 556
768 802
132 713
519 463
635 728
253 417
312 333
262 471
615 503
194 817
197 682
493 259
114 248
647 312
996 828
365 251
333 16
43 77
81 274
872 35
180 836
341 800
512 244
184 101
224 107
555 54
133 84
96 784
907 629
105 549
839 312
838 554
496 139
455 510
113 227
960 676
977 634
464 595
672 232
29 421
201 512
443 591
529 322
910 193
10 969
597 19
672 438
856 403
969 660
930 882
914 271
734 404
187 691
79 833
335 491
299 833
249 110
362 311
610 113
905 673
344 965
823 503
421 591
391 363
582 122
417 660
515 79
864 379
828 414
167 433
512 967
784 92
859 560
988 212
557 873
279 583
709 30
33 597
399 514
416 774
996 590
906 850
564 59
770 293
784 369
358 294
15 579
676 807
789 104
479 630
133 513
162 132
39 206
976 816
613 165
635 597
509 684
150 12
367 818
182 871
156 473
378 456
747 961
986 923
646 367
796 280
959 252
527 408
180 245
644 324
991 175
60 515
705 850
643 516
276 127
402 234
684 396
647 992
688 671
139 997
428 922
821 925
860 949
683 916
100 347
16 591
320 158
874 861
553 416
148 908
11 250
265 924
527 860
219 24
70 985
105 235
95 446
723 897
615 695
797 646
698 705
145 327
463 43
671 758
374 658
804 469
421 611
207 54
709 464
656 228
178 280
966 449
901 669
653 745
872 882
72 890
196 982
955 33
615 123
215 361
509 12
914 838
813 84
375 615
377 17
893 998
665 485
613 487
261 402
486 407
380 910
399 260
55 678
557 224
119 531
615 430
764 996
431 919
603 430
894 355
38 607
403 174
595 578
137 382
655 996
569 355
925 221
755 136
169 557
501 704
726 283
780 679
376 668
507 83
965 806
683 52
186 516
506 281
373 197
4 776
522 845
911 93
276 740
575 448
790 307
736 980
697 338
446 174
244 683
249 347
527 146
820 392
325 982
695 984
595 707
869 965
840 993
838 284
105 936
112 124
791 910
776 189
801 64
252 824
516 167
899 57
373 28
49 766
553 190
689 942
432 337
897 697
886 325
10 626
232 702
639 55
987 574
456 422
111 622
35 213
370 532
25 407
999 431
845 517
976 700
166 948
832 688
524 222
486 337
828 676
707 973
343 425
832 969
45 351
158 6
529 658
318 210
38 744
936 684
521 143
389 338
413 76
287 567
169 760
632 362
119 356
783 44
510 965
493 175
484 731
782 501
566 348
626 203
990 632
310 542
631 382
498 854
769 218
503 235
802 382
839 741
686 980
29 303
569 202
53 345
130 902
890 278
528 893
156 86
711 228
861 663
704 256
757 550
667 322
705 907
752 362
787 861
700 650
989 243
649 860
286 710
719 422
340 9
322 620
531 352
907 141
169 487
596 314
743 437
930 990
71 504
588 678
76 669
44 644
515 424
923 139
49 282
568 93
245 611
149 719
116 278
980 191
374 730
177 190
767 17
606 913
590 570
701 867
617 632
503 915
789 256
940 876
619 439
893 844
175 765
792 220
179 758
755 663
760 255
963 418
158 832
840 183
822 502
429 572
154 555
336 684
522 382
544 794
270 600
845 156
483 423
998 867
214 309
399 237
755 211
793 434
759 747
161 40
90 126
988 603
939 121
1000 121
503 94
214 23
548 787
848 61
27 496
854 487
870 487
521 250
833 312
155 340
673 407
584 598
734 319
74 287
293 127
442 795
593 553
26 602
902 715
687 803
624 833
217 301
183 512
294 120
748 226
396 207
523 47
239 793
844 717
596 350
999 819
106 942
107 123
258 155
853 730
781 77
729 420
213 635
364 505
904 616
945 332
362 214
54 672
621 325
158 178
452 282
228 755
931 926
230 115
970 888
81 919
707 615
634 717
893 848
367 377
427 828
247 689
921 574
502 330
396 960
971 776
993 516
647 121
169 97
559 116
790 338
234 480
238 488
315 609
281 561
856 229
15 352
362 588
898 672
896 126
797 430
467 951
138 893
785 223
560 286
472 910
345 128
164 844
551 80
229 542
782 348
108 737
643 758
990 707
386 629
99 510
335 725
246 371
315 136
86 232
532 498
296 378
42 130
481 674
562 589
834 230
84 505
322 434
550 234
915 347
905 401
429 595
395 719
410 978
143 561
956 804
409 479
64 493
526 498
16 279
119 279
364 319
166 320
633 770
390 977
411 278
362 296
272 48
280 405
539 18
502 452
303 669
131 772
399 835
993 100
387 575
7 382
619 494
932 336
586 253
624 440
435 181
287 943
453 435
609 421
123 772
358 368
234 290
822 419
366 863
538 794
298 519
723 282
561 139
764 630
253 503
953 289
827 328
422 620
214 120
67 111
720 56
159 391
237 931
609 752
313 51
556 25
974 312
134 195
319 77
216 674
930 162
94 711
485 629
977 133
526 624
873 820
489 547
147 37
169 957
116 710
599 364
565 7
694 725
695 644
510 986
86 141
80 159
152 572
212 628
673 494
986 151
327 101
476 801
97 700
826 640
333 980
852 580
247 178
639 668
845 538
320 332
714 948
52 819
769 861
812 789
62 460
320 251
636 945
5 505
786 504
718 967
97 783
518 963
84 243
196 981
676 943
623 794
648 376
83 317
642 330
257 1000
724 50
248 363
780 508
912 204
112 426
258 498
956 157
283 137
451 479
164 405
953 641
405 498
723 107
84 695
654 767
135 10
948 984
571 175
224 50
222 733
979 834
799 87
34 335
197 769
200 59
326 687
419 283
6 809
546 466
160 665
635 21
552 703
826 66
224 784
543 483
945 848
729 969
879 443
347 90
124 700
612 710
744 470
707 234
634 854
261 151
399 57
848 451
132 388
351 272
635 909
216 557
603 171
108 523
864 573
498 855
142 964
960 260
899 715
555 93
648 841
906 385
179 321
520 259
777 436
139 991
502 977
238 378
97 585
36 412
536 642
344 94
72 430
294 892
307 451
71 362
6 140
57 350
517 348
249 80
583 207
342 731
314 540
424 180
278 179
965 795
18 532
899 421
27 750
68 402
916 808
300 326
883 559
336 986
614 397
997 539
724 197
463 403
549 318
667 943
724 820
193 804
569 877
362 917
35 9
42 791
828 730
296 571
998 14
681 48
741 760
7 100
814 652
637 311
621 850
656 346
272 595
954 19
718 40
418 212
646 980
390 150
671 291
251 834
712 208
713 633
452 491
243 486
918 655
798 930
485 365
986 386
843 312
632 502
218 219
495 538
66 352
21 690
920 859
743 903
816 604
601 922
599 163
748 543
786 892
734 606
682 973
26 697
62 219
803 823
532 5
685 770
892 397
914 107
18 948
409 205
711 88
128 736
705 929
25 343
106 540
877 257
255 133
187 693
259 64
260 943
210 750
924 342
874 537
32 966
454 493
572 192
187 429
979 318
452 710
291 192
678 495
875 37
157 823
419 782
175 434
383 319
158 643
694 497
841 3
479 134
231 924
442 190
280 781
941 40
599 588
177 443
16 775
70 462
219 768
400 742
404 246
831 521
300 71
673 699
139 67
129 169
183 282
794 685
614 26
176 204
452 297
639 715
292 690
774 234
474 924
765 119
983 160
474 400
241 443
488 108
16 707
551 877
254 631
15 79
617 177
138 890
780 701
553 857
498 780
560 287
669 147
610 653
701 12
269 528
351 39
839 340
920 550
136 117
959 847
397 338
312 790
669 806
753 178
736 953
43 631
895 698
195 816
955 52
931 380
628 878
274 321
166 371
634 187
591 962
549 946
640 882
606 189
438 595
350 383
904 807
45 659
376 278
504 843
490 354
491 199
643 194
438 962
900 691
593 839
667 216
631 651
852 84
980 129
503 820
885 486
933 309
516 483
644 696
960 253
944 722
27 726
602 788
304 369
145 615
451 374
992 206
193 883
288 937
401 118
182 225
55 109
936 773
629 184
542 513
210 22
450 49
125 489
663 809
811 544
994 303
632 3
870 13
618 58
746 119
712 955
324 417
206 901
119 636
243 128
346 395
798 216
690 961
345 592
705 923
842 772
584 467
712 232
968 882
255 834
698 327
256 350
114 62
104 120
216 594
33 44
932 868
294 149
441 839
685 604
321 233
383 947
160 169
750 2
590 491
404 20
191 651
356 293
322 245
30 546
469 2
181 702
476 802
835 401
985 476
749 75
622 939
553 736
742 919
387 160
491 500
532 518
402 398
810 499
577 4
663 919
245 190
908 932
43 374
343 769
677 97
515 858
844 534
224 503
13 205
60 101
908 827
891 597
286 739
788 865
735 844
206 442
908 138
478 134
985 993
118 753
527 705
72 777
257 137
931 455
978 469
707 657
49 47
110 688
904 798
656 548
940 793
558 408
590 72
563 514
470 584
732 155
35 471
261 611
387 824
798 282
780 769
67 38
297 269
241 609
724 614
980 712
565 678
39 153
845 246
342 746
932 699
266 493
33 494
205 232
669 290
357 317
506 601
824 446
806 626
204 416
996 68
134 319
851 699
378 415
566 338
164 251
958 152
265 397
820 217
983 319
990 521
281 955
847 817
423 629
247 145
749 47
252 521
606 456
697 364
725 70
585 755
289 488
217 215
382 571
383 198
991 391
297 175
10 746
510 817
965 760
682 282
408 683
870 687
763 477
156 741
107 145
239 884
735 787
994 139
23 119
249 960
110 899
398 713
58 550
240 653
46 73
336 844
796 548
305 967
14 537
534 208
784 978
166 756
704 139
188 788
805 865
230 443
196 383
16 141
743 166
737 53
130 157
538 14
852 354
504 464
733 161
975 356
727 455
145 841
645 757
524 339
394 120
276 4
309 589
530 803
436 834
609 718
662 432
115 389
78 315
666 7
834 685
980 851
226 664
355 739
907 648
440 99
940 464
523 376
262 748
857 406
215 708
111 407
518 445
486 36
562 837
462 807
526 984
238 782
518 332
670 411
673 405
87 639
808 620
709 788
640 585
327 189
826 876
624 474
888 841
578 157
134 871
553 580
507 601
420 880
510 243
795 132
523 917
80 676
101 774
959 750
505 473
115 662
122 338
562 117
295 827
582 121
305 995
12 257
248 19
232 760
675 310
70 444
309 540
845 634
952 166
654 692
550 965
358 344
866 550
907 232
140 665
20 893
417 356
185 768
941 457
524 375
661 58
534 312
242 834
634 796
428 307
910 987
569 731
203 629
95 547
261 349
483 453
358 519
974 858
377 827
401 475
350 518
618 554
360 822
893 500
678 704
534 868
96 848
508 931
781 713
731 374
43 840
28 60
543 911
985 455
714 527
255 749
497 301
644 16
431 142
251 282
633 550
527 808
216 870
678 140
554 886
959 701
305 732
268 288
761 315
144 237
464 191
27 824
871 411
620 153
272 65
71 595
645 640
410 211
231 905
197 9
418 742
491 996
171 994
961 708
743 444
14 832
970 666
76 861
646 593
168 400
188 947
337 271
598 898
631 817
665 121
495 202
233 857
667 519
281 320
64 624
301 893
214 550
768 894
303 2
659 405
890 125
287 572
922 507
651 11
802 149
180 737
881 948
54 206
498 508
281 610
500 530
750 694
91 119
935 288
132 531
595 583
262 906
543 303
191 927
548 631
350 595
116 593
159 679
492 384
453 902
494 338
575 239
480 812
855 879
124 219
17 759
769 512
685 344
557 673
617 462
726 248
35 919
696 955
719 377
411 904
895 608
61 968
762 823
65 974
658 26
252 597
39 529
789 70
705 93
333 820
482 238
563 171
22 844
95 270
122 424
16 373
472 343
218 839
598 482
965 805
897 525
127 14
883 676
667 167
947 343
732 967
714 118
736 386
495 923
520 899
465 668
486 106
896 626
625 309
550 547
112 571
974 815
611 595
289 543
92 68
828 304
280 838
634 515
563 517
324 119
112 793
612 994
617 631
723 331
964 39
529 518
346 378
898 469
812 115
265 973
671 184
51 803
267 814
219 105
261 260
923 955
104 951
788 107
278 210
276 839
759 512
389 984
561 919
450 206
622 264
527 407
772 551
995 438
152 380
934 279
739 957
811 88
705 765
380 462
959 160
691 574
393 199
152 538
227 254
924 136
464 720
105 734
786 169
492 138
729 205
477 634
688 715
263 911
532 436
346 579
4 13
278 484
170 277
819 128
611 293
36 702
221 742
166 297
888 925
604 292
304 180
416 748
625 322
737 648
203 308
658 437
269 897
734 79
607 199
580 849
157 928
411 464
554 608
754 266
480 253
960 183
615 841
32 666
162 585
258 468
779 730
222 666
546 675
787 206
125 334
14 905
664 554
442 152
742 295
465 265
541 904
172 210
180 788
269 581
24 312
22 263
315 267
832 671
785 751
552 270
990 812
555 622
665 418
719 920
703 702
5 336
971 766
579 501
873 208
530 691
472 663
716 650
683 339
812 373
320 859
907 651
5 699
256 821
195 282
603 137
713 857
588 291
941 825
697 429
749 575
920 716
152 630
689 928
950 952
316 860
85 717
317 501
964 780
350 891
221 601
57 552
445 644
740 299
989 477
834 304
800 128
37 103
478 203
773 678
231 305
457 460
404 717
442 632
745 865
890 122
302 228
782 818
767 464
640 775
92 712
556 125
274 637
614 589
61 323
283 713
601 374
710 48
32 567
19 819
387 695
402 110
720 975
342 647
315 73
135 866
28 722
722 366
107 299
171 534
176 992
680 272
37 669
223 970
442 47
391 755
214 539
529 573
678 262
879 287
515 510
699 141
332 626
974 1
423 261
444 864
48 57
671 227
533 643
600 869
768 945
953 379
636 262
513 995
162 243
740 627
720 297
901 268
971 689
447 246
565 959
713 740
290 687
552 806
151 441
39 40
191 253
284 433
584 663
68 520
275 174
494 294
924 833
268 925
340 502
369 136
992 904
902 904
743 826
450 843
588 37
330 821
717 903
350 176
976 271
298 279
631 505
605 678
952 872
567 952
153 645
260 879
498 718
687 960
230 949
674 717
753 844
739 433
705 225
299 784
265 896
175 141
322 595
469 416
786 290
770 959
734 116
718 793
809 67
518 885
463 134
134 290
123 549
948 562
734 7
783 766
577 344
136 514
528 260
730 903
41 907
616 881
802 750
876 323
571 279
862 762
331 894
611 991
244 53
707 695
10 557
393 143
675 469
215 500
738 431
634 748
845 342
258 408
658 539
813 80
421 707
324 419
667 820
920 170
78 86
741 318
972 582
7 831
637 110
666 567
967 701
402 759
385 451
872 775
890 826
708 239
513 975
981 785
924 903
507 87
859 250
623 141
518 491
151 758
958 226
81 350
318 29
142 957
200 700
715 551
562 925
139 948
446 304
854 157
468 840
216 225
882 874
316 772
536 579
866 214
194 151
5 640
28 295
415 737
643 258
121 390
944 771
283 403
943 575
243 857
143 903
614 698
896 853
110 997
456 716
308 885
867 478
780 511
151 779
932 2
440 832
771 132
535 103
828 467
499 351
211 467
547 429
984 721
602 768
269 719
449 817
652 16
578 120
234 99
936 995
591 45
245 609
230 255
819 942
414 502
720 693
58 68
893 902
215 254
452 220
698 148
864 244
385 269
133 679
712 40
824 610
676 707
699 802
263 153
8 943
797 369
724 727
86 760
287 563
260 115
494 13
935 84
649 315
964 484
803 574
860 565
355 935
265 435
32 386
837 771
548 842
808 739
311 976
670 445
643 448
352 798
705 798
796 499
670 460
878 307
517 423
939 477
264 339
799 845
239 912
38 485
539 256
335 365
652 609
544 122
981 155
784 681
36 782
221 278
938 686
170 564
136 764
890 103
735 797
848 703
279 235
925 853
567 628
607 343
225 61
297 472
248 138
124 805
396 404
606 917
992 793
511 467
83 56
505 654
659 899
913 663
257 235
455 776
262 388
746 257
214 653
977 37
861 490
954 316
849 418
222 700
758 530
262 279
779 443
600 620
72 5
309 728
516 874
441 336
673 525
525 740
425 843
522 378
648 651
837 675
306 813
860 324
533 90
129 876
681 847
703 782
261 359
686 568
132 468
463 98
327 379
846 941
902 131
342 92
694 737
700 870
593 498
759 261
796 305
929 912
878 493
346 770
463 617
69 738
179 350
165 223
882 803
497 263
800 18
657 895
216 217
269 369
880 320
576 585
21 746
879 849
632 949
706 452
565 399
291 534
697 767
944 892
620 401
303 935
941 585
715 495
532 687
936 464
264 429
909 3
358 207
294 633
981 401
50 213
27 754
272 103
71 617
900 579
213 744
549 334
366 762
140 51
629 48
379 893
676 71
457 783
186 215
478 663
745 444
755 887
96 200
335 987
827 435
582 571
324 479
996 425
834 540
102 732
401 703
208 207
872 358
1000 187
564 548
565 781
146 653
552 920
347 308
629 662
564 459
67 149
273 534
683 463
869 488
195 761
622 176
678 710
534 890
262 601
800 848
998 855
947 739
14 206
56 448
463 589
564 152
379 826
539 426
939 404
688 660
708 735
804 542
550 238
902 683
619 521
411 204
106 748
602 745
951 974
273 227
919 172
198 39
142 85
952 583
202 42
679 556
67 872
691 162
974 567
275 522
117 14
615 771
871 405
838 102
509 436
573 267
326 299
177 250
287 117
935 777
611 569
617 564
853 988
196 433
966 341
913 607
163 8
970 664
789 324
58 318
646 599
940 816
229 311
952 171
837 456
729 727
107 679
533 847
435 860
917 480
864 29
968 8
167 738
205 415
172 232
599 691
875 555
290 127
128 78
579 319
427 58
513 93
751 229
849 37
805 471
744 269
470 239
109 357
94 715
385 627
298 948
661 851
548 303
744 658
589 44
682 862
95 807
36 689
797 63
963 843
731 295
381 738
256 639
756 914
631 262
165 19
137 172
657 549
181 699
130 959
94 372
156 79
829 448
994 273
758 318
65 3
563 316
527 153
821 541
792 750
974 426
557 978
947 10
867 227
80 735
834 488
175 160
736 678
183 757
41 196
139 627
66 689
231 201
364 430
538 279
571 86
999 196
803 286
413 658
784 10
275 881
594 881
134 11
619 462
738 67
291 507
633 350
329 192
56 751
736 81
55 483
10 288
375 582
102 954
195 228
103 471
106 457
309 372
721 988
556 219
3 749
617 963
599 855
985 935
966 994
725 813
491 703
357 425
582 658
56 956
848 296
364 353
815 653
372 729
152 578
582 956
990 637
791 60
42 405
959 162
673 29
198 528
459 68
207 738
958 110
706 223
962 117
312 866
4 120
522 765
869 514
799 959
873 541
244 660
9 663
911 850
548 697
592 504
352 637
259 475
117 307
378 961
195 781
605 542
218 694
844 678
154 350
16 339
239 881
184 745
153 926
995 675
465 988
572 175
849 886
596 59
710 101
617 346
84 864
379 848
803 210
732 852
917 326
221 217
828 726
335 966
319 461
945 918
818 412
819 909
917 24
614 114
306 466
186 389
581 223
688 79
708 2
67 410
161 172
622 456
401 722
129 867
262 961
200 392
310 989
756 645
722 501
869 98
891 406
619 507
656 907
471 714
772 517
989 777
459 258
794 777
998 729
912 896
270 238
962 19
75 370
295 633
792 362
242 225
671 775
522 959
697 451
104 194
359 954
575 411
804 773
645 51
902 930
924 238
941 840
335 840
255 714
990 891
811 356
247 886
530 132
469 168
397 443
598 223
948 314
834 417
504 964
161 841
951 538
420 194
22 778
675 588
862 482
535 456
974 728
848 668
446 307
317 951
909 147
327 25
625 590
330 290
24 969
645 681
741 836
244 172
830 751
468 436
257 837
25 417
121 264
598 778
486 48
720 848
131 717
928 909
230 53
894 72
201 305
76 651
906 386
171 665
410 527
908 258
440 710
703 591
340 974
707 904
466 998
379 459
162 47
806 844
897 160
958 469
936 730
276 27
828 984
962 582
998 264
640 206
569 728
146 635
402 657
403 152
8 616
691 813
879 108
772 618
480 916
890 663
484 996
802 449
99 263
412 248
730 111
9 675
75 286
111 436
649 451
334 931
285 791
949 304
237 510
627 650
978 149
260 75
910 219
374 185
545 131
934 63
347 755
938 946
49 921
925 728
928 100
213 230
588 785
145 142
850 933
476 632
520 430
722 940
669 723
840 971
100 767
545 606
387 503
987 778
190 589
184 673
689 900
838 103
305 677
435 528
348 736
59 140
638 993
796 623
876 445
344 598
897 704
938 662
102 189
548 47
515 318
383 684
556 466
168 403
898 520
802 784
548 190
501 14
444 663
29 767
619 259
68 27
470 915
61 224
516 803
538 871
443 489
119 632
979 651
727 377
462 763
881 937
3 769
285 439
893 194
589 201
919 952
24 191
426 255
302 938
593 31
665 698
489 550
860 595
497 19
777 161
501 635
7 620
32 376
597 868
329 810
256 624
460 240
138 636
838 997
394 706
877 897
90 341
701 435
869 749
416 997
117 685
178 867
539 294
925 557
305 620
344 246
183 583
856 962
790 144
190 533
133 964
40 126
59 458
866 54
403 812
779 981
452 799
753 584
718 746
206 446
226 456
465 512
339 27
774 731
528 497
692 652
72 781
608 847
571 309
129 346
19 986
97 462
713 4
144 377
236 919
789 359
738 433
776 846
484 489
819 944
788 673
871 892
215 248
704 623
381 321
293 557
203 673
183 463
556 107
318 370
104 954
864 980
96 590
963 8
916 402
904 506
428 876
639 968
105 417
198 646
955 749
962 195
159 90
626 84
167 270
212 661
74 658
813 494
147 802
42 180
463 611
743 892
549 643
87 708
643 578
312 722
459 933
800 941
179 98
108 452
798 732
777 101
311 880
922 646
136 367
544 360
970 138
442 611
899 245
540 232
745 906
134 921
106 948
804 309
507 671
700 486
611 773
334 604
795 474
513 422
430 115
178 504
434 846
163 276
435 475
774 820
315 177
301 510
230 254
845 705
629 90
244 248
681 623
28 713
529 820
126 252
54 841
400 864
538 10
885 369
537 466
614 191
906 697
465 415
817 66
547 169
451 220
813 150
340 792
181 284
461 60
14 495
665 56
862 780
276 247
663 997
780 519
638 855
161 177
738 921
405 582
599 88
70 776
750 476
364 623
290 646
54 471
39 1
152 347
428 760
830 845
901 55
317 272
380 368
808 705
809 680
312 912
386 619
602 671
463 619
617 395
604 647
551 392
493 832
748 174
540 959
700 684
467 477
344 400
277 868
848 992
151 143
526 105
522 496
584 18
736 769
455 277
94 111
80 521
597 28
931 853
339 772
861 919
643 348
811 982
420 195
334 521
598 446
99 968
400 31
404 703
408 570
616 649
321 563
286 575
969 511
148 580
993 481
923 282
7 272
710 218
125 367
325 381
350 784
183 115
120 81
970 757
917 458
277 107
741 694
957 985
358 334
909 598
641 408
742 32
64 404
998 190
93 516
422 634
82 279
640 207
538 488
536 400
672 345
190 369
281 571
727 186
957 482
513 992
748 76
82 569
411 533
301 729
105 488
119 353
843 566
721 150
43 942
150 902
734 940
809 635
440 242
186 986
372 897
375 482
839 339
142 897
612 223
613 866
528 812
969 974
623 441
130 584
136 457
563 290
503 463
74 317
56 288
130 763
746 451
977 231
326 479
18 804
347 912
888 984
563 192
914 362
771 399
75 810
629 335
22 791
724 437
853 279
800 397
567 521
996 981
287 230
491 843
53 960
887 937
619 87
359 208
931 979
440 790
885 184
563 700
340 515
954 259
304 375
413 942
340 626
399 623
626 170
534 510
917 494
976 614
413 863
647 202
707 871
101 220
431 815
802 414
732 466
238 287
475 955
816 989
580 14
229 120
458 858
467 1000
194 880
437 412
275 497
962 996
618 763
930 303
328 613
826 492
898 817
406 820
243 594
885 911
9 14
686 848
229 939
358 769
522 876
612 108
302 756
621 490
329 698
77 632
133 816
749 70
471 832
458 353
259 336
99 145
706 411
28 179
394 805
422 810
273 60
476 605
605 99
834 375
416 708
164 290
661 978
593 900
387 69
781 173
605 425
739 319
745 830
62 720
691 128
673 326
732 556
801 263
622 394
820 327
954 214
465 519
964 674
675 660
597 679
675 357
202 689
171 962
499 465
542 727
101 397
785 630
344 674
272 335
366 547
194 656
656 485
375 314
384 184
499 239
541 327
430 643
695 141
281 589
936 516
573 721
444 811
618 426
690 527
394 208
361 131
180 705
845 241
707 353
962 399
104 955
358 624
345 439
896 33
458 894
280 262
815 798
585 754
164 940
432 142
354 558
741 130
742 933
322 48
582 946
10 241
901 466
596 798
579 200
411 248
817 707
693 80
215 684
9 955
708 627
527 473
144 734
458 306
563 160
354 227
98 83
730 326
731 547
435 30
734 646
535 595
956 644
460 507
139 802
201 765
627 867
829 483
478 176
535 305
539 178
129 824
676 505
605 397
278 181
774 200
62 716
654 272
311 183
793 684
832 70
649 688
796 545
712 572
654 387
452 895
790 67
594 960
496 619
723 156
961 535
211 496
90 739
128 972
644 524
595 86
922 234
311 210
46 290
174 343
529 964
594 748
897 952
36 348
284 886
357 152
471 128
404 79
243 33
766 143
470 984
958 637
465 184
817 291
557 289
870 538
104 919
920 899
816 884
643 997
510 826
646 232
189 627
501 770
962 181
30 983
548 794
636 693
494 505
385 859
816 545
599 302
307 633
341 10
696 119
768 388
511 862
368 472
352 275
846 765
939 429
744 771
315 153
857 36
714 615
57 556
65 457
457 359
466 487
705 25
905 463
573 2
352 650
867 317
45 681
377 41
491 209
308 953
58 415
477 30
700 122
260 688
401 954
153 233
226 497
444 312
250 507
696 775
749 995
234 714
990 471
338 102
885 24
267 340
89 808
328 208
989 133
224 1
63 520
319 402
840 249
984 571
822 303
89 857
201 311
241 706
817 109
653 511
158 935
250 844
90 537
767 993
989 423
537 94
154 229
146 998
94 944
292 696
133 764
834 539
963 165
12 559
215 16
664 198
9 311
82 679
618 373
126 249
87 930
149 499
225 853
565 955
18 462
826 457
39 36
367 939
345 137
536 222
260 422
543 997
658 273
711 363
632 758
209 603
835 443
655 76
308 345
990 853
41 418
777 502
528 956
265 682
599 419
639 630
481 563
70 823
36 611
278 554
79 527
904 975
270 914
268 334
307 400
58 790
455 760
633 666
576 256
710 374
371 188
878 968
771 398
404 749
265 374
874 615
13 111
199 644
442 395
978 713
151 481
687 147
971 668
770 221
588 628
560 681
614 508
260 687
653 176
1 265
594 904
116 452
813 426
337 497
814 125
945 242
140 852
16 202
385 27
408 164
707 584
249 590
2 772
354 967
603 664
881 990
168 392
898 637
115 467
462 676
747 758
551 958
627 44
604 928
122 684
660 22
486 648
347 277
555 328
204 442
77 900
951 958
506 702
52 198
826 493
208 972
355 911
428 705
692 278
252 285
678 737
492 268
330 627
389 826
356 291
160 30
360 356
881 68
84 437
344 474
274 509
576 517
115 23
49 955
674 375
36 647
22 982
4 165
61 52
796 137
620 325
251 426
843 238
681 223
701 945
966 232
79 769
830 587
227 530
628 242
115 597
957 348
705 483
346 193
690 121
417 763
791 213
150 199
139 338
590 593
851 39
634 669
429 389
31 81
34 471
109 638
382 447
867 817
659 841
8 885
499 238
324 387
567 65
807 470
186 492
993 980
819 848
688 53
797 333
928 516
17 795
372 693
48 291
930 193
570 168
915 216
437 511
664 429
21 752
243 384
489 512
848 73
958 130
83 836
542 477
13 529
404 258
772 322
773 23
593 692
8 126
601 40
912 724
674 559
839 427
181 525
98 253
532 20
795 759
198 320
435 142
207 434
135 689
678 201
516 252
682 260
207 291
464 797
321 676
269 956
397 199
550 279
712 363
174 11
679 788
141 194
328 471
770 786
952 753
239 739
277 258
166 681
425 535
909 253
733 409
755 577
611 997
480 97
475 732
292 848
240 609
670 195
541 899
656 435
489 134
185 637
883 338
595 198
303 512
46 658
927 15
202 948
53 195
300 489
599 647
232 463
660 377
958 845
24 475
902 458
318 669
335 737
873 74
676 739
200 316
368 910
569 87
777 908
897 379
700 831
901 275
480 907
725 959
871 721
711 636
638 676
897 404
498 227
134 285
372 824
556 766
27 456
123 99
51 510
489 909
406 620
981 1000
304 226
216 302
479 99
910 454
797 996
355 165
526 252
285 594
508 386
706 859
937 131
387 254
830 854
133 398
132 101
834 269
840 978
960 622
605 718
142 372
398 994
98 565
675 992
587 220
800 355
126 429
252 888
454 484
330 222
793 542
403 870
558 798
545 218
981 413
654 493
130 89
524 809
121 156
619 109
841 187
898 82
824 776
54 811
280 788
923 470
374 984
488 919
965 171
197 817
572 771
385 175
554 39
558 474
484 419
312 710
508 313
589 448
114 750
43 484
452 272
860 181
591 263
898 280
426 375
959 291
7 214
279 941
727 199
987 58
132 549
688 253
800 519
690 935
893 172
180 297
811 45
294 273
833 577
447 253
324 520
751 931
826 470
129 622
494 184
927 692
75 275
186 984
959 231
377 543
178 536
105 520
90 954
930 491
130 983
352 875
635 168
502 993
5 949
959 965
854 229
95 131
152 885
743 535
139 877
156 773
87 895
36 755
256 979
900 388
162 825
771 497
531 346
277 600
316 50
282 206
786 103
106 906
89 760
509 479
649 896
975 230
278 114
118 893
818 31
925 793
31 862
88 256
362 163
254 365
454 339
37 457
918 66
944 713
871 513
656 221
929 333
658 519
663 506
352 100
691 925
84 667
827 245
975 437
392 874
158 881
894 63
769 188
370 459
759 871
49 230
149 553
418 53
954 99
342 704
443 490
816 64
50 648
806 879
954 978
976 902
849 136
189 871
116 953
979 374
979 637
949 861
34 948
642 631
898 749
349 781
134 187
980 913
910 552
843 583
551 782
755 147
186 666
522 16
280 347
302 792
360 137
63 4
591 686
152 661
412 223
233 558
161 345
259 692
497 481
669 993
678 881
40 549
976 337
88 817
855 587
240 220
189 13
687 882
652 263
805 451
146 192
113 307
331 558
784 578
577 29
579 699
429 960
527 955
822 825
554 999
994 254
26 188
912 181
72 594
914 479
537 552
280 575
8 973
541 668
447 957
306 367
988 375
625 523
936 202
474 974
101 570
283 549
567 781
366 694
663 286
277 207
499 467
500 952
83 144
432 424
513 497
767 858
269 603
970 696
883 377
249 617
858 911
453 415
292 531
96 244
738 575
703 563
742 31
376 868
820 765
175 966
716 958
954 7
343 800
371 939
776 943
707 837
175 951
694 77
767 521
756 318
293 326
375 864
971 601
38 624
989 688
629 729
777 992
371 713
466 719
51 711
631 448
527 261
711 552
786 897
34 890
825 93
803 854
276 931
868 5
83 839
782 365
341 131
747 896
731 263
935 177
973 510
688 626
707 302
764 453
378 376
450 797
658 965
513 633
551 481
365 142
170 396
796 456
907 801
359 624
751 558
667 349
174 703
340 163
748 891
94 118
410 414
373 933
579 518
174 814
493 524
847 717
170 561
689 232
42 812
79 996
83 481
726 565
654 278
948 759
879 845
681 633
139 480
585 816
639 77
641 614
185 674
918 10
685 277
580 637
477 454
290 779
145 544
864 472
135 133
490 992
710 891
96 33
694 585
116 172
978 67
346 425
384 134
720 679
997 886
675 206
567 29
405 865
723 754
15 742
698 36
792 33
794 627
816 138
546 208
967 640
336 60
329 901
534 992
976 108
333 289
413 329
731 498
290 756
420 699
752 354
540 660
73 996
337 567
549 578
566 416
645 63
958 309
740 499
743 780
976 48
372 991
468 798
768 390
476 737
726 917
322 423
331 191
387 225
977 49
809 960
126 752
369 593
61 123
250 180
329 291
257 526
750 591
352 652
193 476
726 742
840 689
749 703
905 687
727 956
265 840
876 198
840 144
92 373
274 902
336 815
834 632
282 397
604 181
274 793
448 93
172 332
637 512
379 880
453 655
757 359
775 776
281 252
101 451
432 112
949 565
680 278
774 448
854 882
525 690
620 624
343 507
462 479
779 43
90 918
287 720
219 38
256 44
76 613
405 901
464 207
764 986
864 800
152 412
831 356
789 811
110 175
807 255
417 54
873 839
270 351
807 76
740 177
975 810
744 52
393 176
513 647
243 744
424 128
636 81
393 257
911 67
697 467
203 182
494 411
99 489
369 787
66 789
375 285
503 456
933 249
883 647
333 777
230 943
175 26
605 721
60 234
821 645
808 38
438 555
575 817
867 347
961 770
490 362
202 422
809 214
156 603
491 844
165 643
460 961
390 744
162 651
990 433
918 50
387 550
300 253
214 863
309 633
996 645
233 183
162 365
82 934
879 712
804 50
423 342
85 261
11 80
619 263
802 761
290 9
440 742
983 239
234 442
114 506
827 323
684 72
312 271
169 650
337 387
147 191
299 392
319 965
213 322
802 481
803 520
809 260
186 522
282 763
7 616
618 521
634 660
603 247
610 681
402 34
969 798
77 629
868 320
687 652
853 244
624 676
535 584
39 697
479 310
501 266
799 855
175 73
88 929
179 10
643 507
813 168
576 950
748 140
3 457
125 656
615 636
691 20
50 436
531 447
643 153
442 570
518 843
444 156
447 815
568 696
565 440
516 312
230 260
766 730
191 357
913 796
435 624
19 881
130 589
831 657
358 88
624 334
25 413
940 976
727 571
858 646
580 383
487 738
93 679
132 841
116 248
137 597
788 284
974 67
81 240
945 847
712 46
300 12
817 405
871 606
843 113
132 510
985 90
450 201
489 629
255 878
699 518
539 813
276 829
578 717
673 167
341 785
750 439
787 427
228 849
364 805
812 573
282 720
372 964
639 810
307 191
881 102
702 20
943 266
265 663
360 531
288 208
113 333
701 324
899 939
388 363
448 406
236 13
130 702
179 519
978 986
481 338
45 561
872 767
770 974
643 356
992 578
904 792
835 800
340 386
782 857
988 848
696 410
93 342
59 931
296 1000
424 189
904 125
559 41
528 307
340 497
170 238
698 655
827 993
165 714
495 599
140 157
606 222
908 166
362 248
936 167
150 225
957 751
101 552
604 356
608 879
440 977
438 172
168 448
991 976
996 718
580 397
196 502
876 528
645 995
685 54
679 557
871 783
380 746
471 157
612 909
370 272
620 46
789 89
100 328
475 828
823 846
10 35
306 950
309 117
113 860
574 547
632 400
725 957
63 58
891 429
927 589
252 97
894 560
368 622
850 586
851 863
284 420
506 756
109 522
185 281
578 320
264 904
178 626
173 813
211 781
539 452
646 408
208 692
279 710
321 971
950 708
652 270
307 8
791 746
334 883
722 965
687 821
246 15
874 876
305 607
52 764
236 113
933 85
755 194
574 345
279 39
528 625
677 80
456 556
460 760
637 844
790 375
925 819
692 546
876 199
14 594
970 908
454 373
184 889
376 465
886 360
358 145
490 41
709 57
154 192
818 347
529 788
822 691
35 95
633 168
724 849
50 896
15 950
478 565
665 101
524 152
508 315
36 450
419 474
410 317
298 553
315 669
723 264
466 995
529 711
423 661
897 187
554 293
521 759
635 753
409 577
798 229
870 780
432 814
328 879
918 706
299 30
318 270
694 933
468 686
203 244
674 145
125 561
830 308
8 331
445 778
247 386
967 901
840 276
125 374
783 23
74 583
644 335
792 506
596 704
812 517
373 713
255 525
792 769
696 22
643 625
387 618
882 833
184 130
763 206
492 88
330 911
830 880
763 191
148 919
352 570
631 892
136 299
653 890
126 636
701 110
630 60
61 271
154 403
641 899
103 291
115 634
131 993
775 568
460 883
944 636
282 127
121 205
946 38
585 894
415 441
182 476
143 846
700 25
261 963
925 278
135 814
687 269
314 386
415 78
988 284
827 134
43 755
154 804
192 415
620 951
380 588
777 404
913 593
914 810
148 442
974 842
153 484
620 966
289 740
823 99
132 854
171 760
409 771
304 39
675 56
533 186
348 304
719 912
45 368
110 366
816 97
703 767
264 516
863 5
394 139
733 564
573 939
321 454
998 440
910 558
824 427
260 880
254 664
458 681
510 742
502 694
927 517
576 424
437 265
39 453
169 12
172 554
18 320
693 871
318 151
677 468
968 680
763 125
434 355
826 701
540 995
853 100
395 660
86 381
348 620
278 323
977 712
205 325
579 556
14 377
715 476
493 550
921 621
758 466
796 827
246 230
106 605
107 172
434 980
400 204
532 877
311 318
960 52
558 609
330 276
577 317
872 306
508 703
418 659
330 359
280 688
282 450
935 811
538 51
560 551
64 694
525 279
710 797
659 989
110 697
326 522
908 368
656 473
751 432
385 149
613 447
707 950
525 761
837 295
239 253
242 819
738 684
229 55
720 458
314 279
355 685
797 330
724 734
394 175
214 292
219 414
560 498
299 102
211 882
251 801
911 375
661 348
76 140
204 473
574 870
356 371
233 520
252 316
380 361
364 447
346 809
865 783
627 728
441 731
783 79
713 903
330 741
574 64
795 741
907 803
89 122
566 740
881 246
705 896
887 440
65 481
821 986
260 814
923 102
504 202
389 590
805 118
75 793
991 287
136 739
672 277
330 289
452 581
274 529
849 991
995 681
762 164
339 77
839 1000
143 855
25 675
577 281
351 658
398 285
895 465
750 442
535 128
79 4
796 684
818 180
694 740
22 428
500 926
33 581
624 506
755 864
42 797
413 914
965 325
931 205
626 719
992 493
21 93
668 1000
745 235
390 709
664 262
654 963
659 727
290 78
704 576
651 75
837 684
911 437
453 659
238 475
43 155
708 159
926 82
493 247
510 687
189 210
251 973
826 305
845 499
225 958
263 692
431 694
843 670
91 853
293 689
242 283
497 385
617 509
30 720
968 657
68 361
667 941
77 683
569 836
748 928
166 99
99 92
320 287
998 908
269 362
930 676
656 442
402 269
1000 544
605 715
57 673
131 230
204 528
411 980
541 399
174 368
640 864
663 156
596 353
191 891
892 724
162 899
255 52
272 94
398 690
918 421
41 919
698 519
904 531
390 514
652 241
374 573
603 869
106 183
127 863
154 193
173 35
429 441
547 362
785 417
714 281
552 436
794 401
493 779
233 217
620 995
162 327
182 130
348 190
538 922
558 473
306 742
751 488
211 607
694 152
241 544
292 676
314 197
902 437
82 272
30 112
307 653
15 708
270 758
401 47
129 833
741 484
357 491
750 274
753 478
551 871
243 460
411 31
266 317
358 911
750 509
845 407
61 616
703 9
100 210
542 393
656 892
5 97
213 398
568 243
380 401
364 878
331 127
528 801
623 452
331 204
556 515
351 873
810 370
852 777
160 323
808 367
511 92
630 130
154 353
182 691
171 440
3 28
630 61
500 402
962 138
373 12
174 983
467 75
849 807
477 126
135 920
818 603
675 767
736 511
643 93
849 688
689 783
111 606
537 371
641 184
847 74
116 448
278 851
267 462
875 885
880 525
367 305
295 564
331 967
461 780
107 668
664 921
756 373
828 660
759 864
888 119
571 122
44 26
172 231
858 450
713 477
533 42
312 418
367 132
641 246
209 110
301 534
267 906
188 44
773 396
354 660
760 655
906 47
321 453
817 504
341 906
547 723
739 759
860 442
995 389
225 885
392 312
489 552
366 422
886 553
150 935
424 760
407 465
625 391
768 465
143 459
809 747
437 554
166 88
744 816
571 929
772 392
683 863
778 569
49 959
255 281
348 621
518 559
832 290
460 547
969 719
517 365
331 470
518 958
984 12
287 419
292 459
371 584
518 841
120 722
687 194
763 440
796 575
849 771
775 543
64 489
432 333
254 412
481 240
852 481
13 369
384 415
993 157
331 786
638 353
115 228
645 909
590 887
901 904
723 338
318 538
450 434
291 68
15 542
511 543
883 152
132 730
579 371
686 437
307 176
310 857
977 60
579 256
466 571
929 305
986 258
589 231
167 81
670 931
618 329
252 95
351 261
741 141
100 27
79 647
394 557
284 497
433 777
674 841
570 918
934 415
129 708
846 635
631 227
189 332
652 932
283 991
341 113
899 581
26 731
908 653
86 303
273 898
274 477
406 678
853 7
946 427
948 480
878 682
700 670
421 491
795 178
135 685
856 388
892 578
681 63
60 172
776 325
134 915
692 985
714 177
681 72
350 317
460 805
248 291
682 78
66 748
390 508
235 239
662 800
831 939
540 388
616 802
671 690
303 606
14 999
127 954
475 397
607 492
722 831
300 816
687 452
176 878
177 59
155 450
586 169
605 219
313 3
28 76
59 974
499 432
396 754
552 360
36 345
404 229
666 240
63 608
391 937
598 963
497 512
284 994
197 635
626 607
989 463
729 890
686 465
724 652
548 466
955 432
405 991
832 494
780 573
876 982
789 825
8 706
929 78
949 3
403 99
631 417
333 734
997 311
189 996
342 84
916 291
207 862
621 220
462 813
748 530
901 529
484 288
338 874
266 127
436 319
576 722
297 83
908 689
599 410
433 535
774 250
298 459
619 549
467 336
342 528
863 150
944 839
676 395
15 647
1 661
866 190
16 623
956 907
165 795
574 441
464 188
101 669
526 316
878 787
718 548
168 128
904 532
715 488
603 868
103 161
550 608
594 816
465 364
263 49
306 532
366 988
438 57
831 562
153 447
409 805
345 679
533 164
861 375
989 418
628 102
684 464
672 293
542 818
923 860
48 50
690 956
604 31
203 670
80 646
521 757
64 780
546 128
488 200
270 512
993 641
264 761
561 837
122 257
547 822
271 926
459 342
167 25
538 607
833 581
797 418
184 767
525 883
530 543
824 256
733 752
424 910
137 47
835 128
513 644
199 647
471 596
755 473
759 481
220 520
767 414
285 784
566 387
721 426
151 971
230 832
801 370
416 976
79 613
429 566
511 348
164 421
627 945
22 975
39 615
374 82
494 875
832 374
886 57
796 209
527 931
58 898
934 867
594 720
41 939
540 302
245 80
463 137
102 507
140 156
931 763
913 932
988 504
425 706
923 335
597 796
547 440
784 38
608 698
679 923
663 502
659 963
935 918
992 72
991 810
560 908
45 76
673 739
581 42
380 701
522 472
760 67
335 903
873 484
215 237
404 918
185 810
81 137
922 449
744 761
694 101
287 689
882 509
246 892
997 28
210 446
48 429
195 46
582 686
949 857
841 608
237 919
163 588
647 486
166 822
376 665
566 210
425 422
843 712
150 932
819 289
564 294
857 468
711 465
294 19
556 706
26 853
62 15
611 338
201 634
669 799
105 778
199 944
995 977
688 775
178 237
893 849
37 38
575 570
100 666
696 385
292 500
330 131
286 750
676 338
328 416
886 295
814 192
597 816
447 953
148 634
95 5
577 684
923 472
525 388
528 488
585 233
913 674
989 87
921 175
427 829
33 959
569 861
291 483
862 622
337 353
559 586
693 708
295 424
534 401
505 897
889 957
375 606
90 986
825 872
21 281
315 564
621 900
725 68
262 148
842 815
954 869
867 69
506 620
351 828
191 175
30 363
893 449
289 179
734 991
275 128
773 129
3 757
959 170
323 396
15 66
543 59
39 376
901 109
78 742
686 993
123 459
217 2
90 304
363 226
815 344
709 805
66 809
35 778
930 670
398 152
492 19
992 754
316 801
981 49
70 880
539 283
761 415
10 967
355 362
763 377
175 223
30 35
18 870
93 290
577 509
80 691
227 676
49 644
875 240
768 984
786 355
771 461
294 586
960 18
118 782
636 719
286 714
503 832
641 969
514 377
537 520
844 956
828 25
741 808
905 768
982 4
984 263
205 539
4 300
879 559
435 766
495 822
79 907
172 507
616 961
301 153
215 439
694 16
558 451
33 564
567 51
769 248
522 400
579 493
380 852
896 229
842 609
578 842
24 32
150 544
82 298
543 459
358 647
931 301
341 344
293 972
815 843
228 151
907 308
343 962
551 893
242 55
395 226
358 993
199 423
384 710
530 587
91 855
441 644
388 133
851 977
471 286
865 809
702 164
68 656
407 280
854 99
16 481
290 978
535 540
57 965
648 224
317 11
925 716
108 400
153 695
761 458
892 496
108 39
348 598
522 192
666 639
297 240
302 131
722 405
862 91
274 736
847 685
773 714
728 91
486 895
583 167
987 806
404 582
649 581
889 72
618 706
107 7
794 253
232 852
638 476
676 249
715 597
483 933
159 82
605 62
914 709
510 162
866 586
413 343
182 128
935 578
662 158
288 609
794 270
462 432
795 588
33 720
716 883
723 269
176 248
840 694
803 421
755 924
348 478
974 446
613 326
975 611
375 951
102 725
158 75
430 847
651 966
180 870
669 6
180 310
381 499
35 189
133 920
635 976
318 412
986 106
623 115
558 38
480 795
797 82
156 350
431 340
952 421
658 687
397 757
933 899
311 787
792 509
646 488
783 897
929 804
131 427
363 416
71 115
553 752
311 640
666 945
350 190
26 528
766 360
248 672
835 590
818 268
161 515
623 567
661 854
386 872
909 931
544 76
30 895
455 758
757 914
867 206
874 734
430 464
315 471
252 810
116 615
878 978
331 445
575 918
176 634
230 653
196 629
896 835
145 305
519 931
260 518
581 358
654 466
359 120
237 405
36 45
148 615
334 26
590 829
674 520
303 529
272 203
699 340
899 374
225 237
763 877
604 303
846 276
776 858
836 874
100 915
254 195
606 628
202 614
918 784
315 333
963 535
180 581
73 659
382 359
777 749
794 661
136 487
374 379
820 661
656 670
224 410
180 756
785 830
272 663
438 292
924 763
488 37
626 327
440 456
261 166
299 127
341 904
658 20
608 453
312 130
494 751
336 248
256 473
403 410
776 924
873 944
639 941
290 568
311 606
904 292
136 142
925 402
600 272
480 756
795 906
243 889
839 445
365 310
888 797
596 598
8 215
557 147
13 858
786 90
680 745
473 877
294 845
833 29
482 229
819 222
711 20
862 128
458 74
352 729
353 368
155 166
601 410
106 600
123 618
650 464
718 835
594 693
956 76
919 56
443 867
887 612
466 320
452 755
749 643
533 694
862 418
679 856
495 575
795 359
870 921
978 904
988 332
348 766
314 879
982 755
463 386
979 992
486 240
771 940
791 433
723 487
944 456
267 125
257 423
336 664
965 511
34 179
641 473
737 368
59 876
851 504
195 124
103 607
306 831
42 745
513 944
91 172
437 72
683 352
872 423
842 959
720 235
829 967
322 160
80 74
8 695
65 954
302 825
378 419
964 494
454 532
100 148
673 20
362 372
753 103
455 122
874 421
427 477
446 331
880 249
123 458
195 585
825 322
865 893
829 282
348 807
725 473
45 19
621 88
137 477
48 10
421 24
648 84
831 906
624 851
454 208
790 542
645 265
596 473
870 712
305 640
252 384
145 479
329 266
148 842
790 393
242 145
300 637
448 136
321 702
343 825
344 841
198 100
145 360
730 929
835 949
947 271
343 942
191 670
643 6
516 280
386 218
723 820
261 228
282 434
139 487
361 667
805 806
149 834
450 977
453 348
625 699
440 981
295 617
900 925
405 25
353 856
953 835
746 913
33 602
569 888
269 634
418 916
558 448
118 39
974 373
301 809
528 243
803 59
931 206
609 504
278 635
881 920
807 496
834 526
950 472
368 900
55 764
591 478
828 956
650 396
34 151
366 2
519 226
617 561
858 218
648 835
223 300
143 394
143 111
293 702
777 225
212 578
602 86
160 237
52 14
988 52
374 170
247 216
734 730
276 674
173 698
564 61
471 769
888 853
117 365
891 858
486 530
198 166
770 575
666 636
369 596
351 844
317 236
212 6
430 437
362 407
951 621
952 949
520 153
784 798
912 355
931 705
40 62
421 751
216 271
481 92
689 919
387 497
675 708
678 457
936 248
921 324
760 476
463 469
552 307
250 514
435 684
934 694
426 829
79 229
373 504
980 336
249 714
894 186
296 359
736 308
720 841
276 351
280 794
945 88
999 485
710 856
5 257
915 284
13 795
804 133
996 637
410 532
672 879
106 487
513 173
788 353
309 241
257 495
833 973
30 228
563 597
345 726
312 393
366 828
703 711
262 11
980 788
381 257
920 119
973 713
29 933
985 535
603 448
650 342
150 815
819 802
542 125
229 814
142 879
496 414
110 35
863 675
722 609
715 123
707 463
713 866
690 540
864 754
848 23
591 833
632 654
616 115
707 348
471 813
60 530
599 459
433 672
442 862
485 840
14 502
397 470
570 686
627 947
117 321
83 721
246 111
943 447
88 121
160 326
238 643
296 134
744 244
725 243
821 640
808 225
631 745
743 499
232 915
891 580
703 714
657 12
746 646
216 845
715 274
205 960
923 321
410 180
529 202
969 387
37 499
187 458
795 267
988 280
754 982
405 480
872 865
466 14
563 644
488 618
414 374
236 932
461 777
633 328
561 475
802 967
31 11
949 532
570 347
737 250
918 785
595 132
188 566
67 319
855 334
505 942
822 445
827 489
816 70
284 548
600 733
638 949
589 367
256 13
771 766
627 11
941 690
907 494
413 121
282 824
471 423
102 504
7 833
998 444
380 99
988 610
203 922
720 256
460 11
650 215
341 888
553 928
495 358
748 709
911 61
569 78
990 542
756 996
905 76
195 620
14 176
255 548
130 949
900 177
613 654
709 847
545 166
160 388
734 658
904 674
961 86
856 316
50 335
86 369
891 344
406 264
298 385
778 951
155 185
781 165
710 341
640 498
508 981
515 841
274 553
370 978
614 689
448 220
417 771
788 886
435 454
297 489
210 826
528 347
233 491
993 33
940 744
248 232
121 350
767 243
14 953
509 223
535 233
576 486
12 170
987 444
35 27
920 499
629 879
978 89
963 439
980 511
529 609
180 939
881 866
474 648
953 187
954 158
681 487
694 212
860 196
663 619
885 567
124 335
917 236
333 469
426 329
985 990
566 13
988 727
220 975
538 610
632 377
411 548
449 361
983 492
930 216
267 429
792 233
526 606
801 109
105 424
526 969
394 540
432 679
345 202
700 964
391 439
384 538
372 81
706 213
891 83
341 126
161 744
378 500
668 153
672 220
281 609
178 544
446 323
761 556
395 692
657 793
285 760
242 552
329 440
862 210
40 805
701 176
117 313
463 813
264 301
502 205
840 780
782 947
605 532
112 151
934 862
101 456
540 225
634 4
743 426
601 501
840 667
306 43
550 270
683 143
226 370
465 970
118 780
249 979
550 665
185 917
338 235
619 134
413 731
554 743
974 996
145 231
478 535
529 803
569 782
785 441
281 234
257 91
547 195
953 536
115 187
6 884
728 556
267 152
440 564
838 952
663 542
79 471
176 222
710 543
271 737
661 41
439 559
928 712
488 239
417 181
294 413
59 760
595 922
651 988
817 436
727 169
658 31
34 950
860 462
721 16
859 142
96 486
958 214
7 542
178 668
609 788
958 161
743 949
65 822
265 516
891 142
543 521
181 840
493 485
423 959
796 443
100 792
854 97
120 338
109 214
56 414
593 649
890 317
29 437
344 409
145 152
787 793
420 790
359 315
285 732
986 635
464 911
131 234
758 495
135 658
265 912
784 640
418 161
258 251
887 72
303 793
948 546
161 816
970 38
917 541
754 721
23 174
840 811
109 683
130 80
10 682
174 153
434 762
40 349
629 5
482 750
121 278
323 718
430 886
270 971
128 928
124 546
842 417
400 724
957 904
581 964
860 29
914 997
556 262
613 499
261 430
727 367
341 656
323 125
676 703
402 628
419 430
438 350
665 394
349 945
635 756
987 51
128 492
495 264
228 181
85 524
656 594
911 314
768 60
91 151
336 30
733 717
591 723
782 444
251 90
62 754
142 799
548 806
789 572
27 429
800 875
160 10
918 588
273 502
165 279
403 350
293 533
117 558
490 912
881 33
455 466
661 739
757 638
494 524
297 48
247 812
30 978
531 203
456 879
41 59
830 885
467 369
340 225
51 110
514 618
198 131
678 185
972 478
758 459
800 279
994 817
638 411
640 832
900 274
965 820
823 319
300 981
780 463
672 704
430 176
676 136
953 773
165 653
652 145
579 14
999 42
107 370
606 856
989 112
569 1
314 824
940 660
413 564
568 879
727 557
158 888
626 640
538 230
441 292
408 219
360 308
123 177
842 596
167 843
745 167
128 89
737 475
85 703
696 524
271 846
63 232
411 603
232 44
294 308
995 393
668 609
426 116
639 990
655 869
217 777
308 112
317 130
76 244
371 528
492 260
679 48
699 734
260 386
924 185
881 124
856 654
449 200
711 240
515 541
221 612
80 428
853 111
430 272
32 207
89 402
829 470
427 657
652 625
374 445
947 23
674 741
325 855
326 48
300 667
925 980
673 439
583 216
967 313
364 274
899 41
892 792
75 606
81 669
499 698
390 575
887 535
454 768
433 24
737 970
719 206
675 90
37 654
89 99
486 103
264 247
14 958
805 913
185 760
383 741
650 594
979 994
796 756
447 664
885 458
646 558
563 528
729 824
633 468
564 850
11 114
366 778
884 195
261 486
551 965
493 381
715 173
578 876
512 475
786 726
751 2
932 936
807 300
518 161
370 91
377 781
398 291
54 449
699 540
828 638
123 238
195 301
77 817
830 497
869 341
212 552
263 732
967 840
548 894
933 968
844 21
207 759
373 539
65 218
410 643
913 404
216 954
18 48
56 387
735 333
646 438
230 783
503 747
673 372
251 352
458 138
795 793
395 534
250 40
625 236
648 37
387 27
745 999
725 57
782 944
614 707
575 603
944 987
504 802
395 917
877 415
457 289
41 813
259 226
481 54
268 108
417 814
861 171
316 352
746 765
158 519
529 145
988 782
844 782
295 666
121 377
824 552
924 355
370 552
922 453
653 321
894 239
505 45
882 290
685 48
944 502
267 155
770 302
43 496
940 898
7 85
814 671
817 201
565 539
323 896
287 741
551 536
58 935
336 277
343 50
546 919
160 914
200 435
494 53
694 824
428 611
506 655
205 815
474 161
356 106
683 479
405 701
262 734
484 858
213 260
74 986
402 981
775 377
262 617
88 722
436 148
739 853
393 383
912 665
126 793
347 216
311 697
493 822
260 541
999 748
184 837
564 63
398 891
671 765
364 618
579 602
395 723
912 583
369 586
631 918
83 676
220 966
949 392
696 461
550 472
628 904
330 119
793 629
204 668
478 327
619 839
156 735
729 267
412 625
966 40
43 71
96 724
151 468
835 915
89 533
328 507
130 81
704 118
297 544
788 996
746 721
769 766
415 80
354 493
607 460
318 869
158 754
110 651
571 375
352 207
79 148
637 650
799 143
50 954
732 162
208 944
576 350
335 943
104 591
447 289
653 502
638 12
961 524
236 864
275 656
348 298
957 832
745 202
121 736
285 311
983 192
529 697
694 157
841 767
538 207
497 945
581 741
986 343
575 919
96 401
997 117
247 378
964 258
68 863
270 456
474 18
704 847
542 99
673 240
787 376
381 609
73 816
385 668
907 563
692 315
198 708
159 838
19 83
612 114
226 661
190 40
352 867
126 54
961 479
857 158
397 323
400 425
623 451
915 506
700 636
661 738
936 776
339 716
711 156
145 123
816 547
368 76
447 677
208 549
174 766
909 377
967 455
178 964
93 502
353 361
279 65
680 814
53 820
804 250
387 480
559 126
836 657
763 403
819 485
842 14
233 204
292 35
349 14
46 22
115 205
297 540
451 467
72 796
71 768
547 181
538 217
450 695
373 474
746 836
537 487
884 970
247 882
388 754
361 115
343 295
589 523
262 203
529 532
331 152
662 296
258 546
558 361
210 299
564 750
447 426
360 324
233 986
197 575
661 96
207 423
370 90
402 744
590 169
573 933
271 679
198 774
47 615
858 144
198 657
694 778
402 906
200 681
759 449
85 242
730 249
397 278
380 434
787 114
695 773
865 854
937 289
520 279
4 904
463 565
692 61
680 605
959 993
66 880
620 303
565 346
804 659
145 10
784 698
602 721
984 109
4 317
852 554
705 216
725 149
415 357
550 480
862 22
63 195
443 868
649 561
140 188
487 87
509 507
145 274
226 215
885 64
795 376
181 34
581 327
69 115
605 321
291 137
541 773
232 687
504 84
843 169
951 490
663 278
741 530
727 579
762 46
469 907
220 7
901 755
332 713
225 383
279 670
103 378
248 927
970 563
392 669
46 750
765 238
413 825
149 563
208 357
92 745
771 732
416 481
767 646
178 122
510 693
349 873
264 693
212 843
160 998
877 679
623 71
556 892
320 764
618 709
198 765
125 947
699 652
908 221
579 178
530 498
144 697
330 668
494 491
312 249
5 420
498 982
433 669
948 412
121 50
685 401
868 355
338 786
503 280
308 282
401 72
757 565
26 599
943 384
212 382
360 681
606 330
702 431
678 638
905 473
544 119
230 622
781 374
822 866
217 337
202 7
631 802
712 378
170 830
714 186
404 686
634 117
128 696
643 11
852 403
983 763
605 165
552 79
607 491
218 200
743 27
396 280
715 570
348 33
665 225
645 859
392 859
652 41
310 109
58 506
3 535
599 247
529 579
306 764
902 869
372 333
817 200
430 677
289 791
683 328
842 621
94 962
722 199
669 460
119 565
405 449
847 274
253 335
646 964
134 232
82 697
444 944
690 952
87 200
324 654
591 584
247 262
117 48
824 361
826 315
294 381
521 271
261 12
190 162
462 903
47 543
198 729
90 510
734 959
844 171
939 249
78 599
670 379
764 114
657 584
470 269
947 767
424 693
766 385
886 901
557 731
27 368
312 929
894 218
894 868
281 903
682 60
708 744
801 474
182 911
271 490
687 818
360 645
911 698
130 669
153 548
636 521
170 541
102 464
803 67
303 795
861 797
169 323
633 998
42 188
253 973
269 808
571 424
218 944
810 732
443 29
995 600
783 771
733 500
723 66
427 513
979 44
513 384
309 621
573 476
520 728
775 768
337 284
390 294
449 890
267 41
825 519
332 529
116 136
245 556
146 845
110 490
56 944
112 863
721 711
480 723
98 798
542 823
360 361
380 884
676 697
772 824
590 35
595 971
745 90
102 713
180 643
756 382
189 715
190 380
375 800
711 714
721 114
793 413
190 207
319 937
953 454
566 378
255 815
695 514
988 520
494 321
132 332
812 734
116 755
100 216
507 54
548 800
476 959
423 972
852 706
281 979
234 917
553 619
735 375
557 831
463 592
377 663
888 773
152 975
100 909
550 27
535 685
41 57
114 545
316 229
317 156
501 175
805 423
2 436
862 145
593 917
353 360
652 478
140 266
922 884
272 33
164 23
998 268
98 271
629 602
770 970
908 150
912 209
896 758
697 881
793 882
639 416
19 578
373 296
484 174
732 865
733 472
921 214
707 677
410 341
49 51
927 424
675 451
414 373
291 458
521 937
25 58
889 827
428 81
525 381
33 519
499 551
823 120
738 528
478 783
465 476
998 198
301 878
105 117
604 73
902 504
483 560
279 859
179 776
265 131
129 822
332 795
491 234
829 846
152 448
66 282
122 691
423 146
190 235
303 456
216 546
722 504
548 757
290 709
175 273
294 760
42 418
279 919
322 82
882 954
350 892
668 257
906 410
800 905
531 11
492 149
848 133
596 739
778 592
804 976
566 531
770 704
894 752
648 188
44 989
961 43
653 693
195 491
965 611
70 777
571 788
535 689
256 793
26 483
152 858
283 496
576 829
424 58
615 628
908 133
760 448
912 287
307 359
576 172
889 411
616 701
157 941
430 99
692 626
396 23
839 927
240 657
554 375
150 986
898 729
458 544
923 479
282 461
582 176
585 236
953 656
515 249
969 158
920 502
524 200
263 116
488 984
396 603
20 799
8 895
443 400
120 259
673 627
341 741
12 33
608 40
868 714
376 988
285 510
803 353
654 482
152 429
530 702
513 948
570 207
845 119
295 26
246 972
851 730
466 708
565 840
893 363
254 703
403 270
792 236
631 475
243 394
650 246
104 68
527 268
893 476
587 529
886 527
47 856
817 841
195 589
17 349
933 839
436 289
555 121
147 814
369 834
276 650
78 794
41 701
250 54
560 923
880 562
718 897
168 80
752 235
662 728
312 572
978 613
745 886
321 690
987 977
914 425
623 841
311 283
351 522
339 82
18 517
97 4
957 374
61 417
552 48
457 140
758 616
667 769
487 344
732 150
148 394
59 49
637 740
927 96
234 73
806 3
607 648
77 429
757 315
595 208
483 874
870 106
672 839
846 451
703 606
371 993
585 379
293 870
292 655
669 459
318 651
621 978
837 661
841 594
39 215
891 937
46 997
486 591
960 724
110 152
258 781
358 922
553 876
879 204
403 105
777 148
1 821
544 633
503 40
693 8
570 965
259 614
423 651
817 740
639 865
655 204
344 382
920 731
194 448
476 762
458 349
791 653
407 132
544 438
602 372
143 702
75 220
558 731
578 237
856 503
857 930
238 563
252 940
973 844
898 617
818 783
361 968
511 54
338 424
487 9
205 984
28 515
691 197
875 96
838 116
681 319
184 769
810 733
649 729
10 681
383 302
918 47
611 523
923 391
672 901
152 327
970 662
76 809
202 764
21 152
439 605
10 395
410 792
250 736
159 238
841 899
390 697
425 873
607 748
828 655
760 45
558 480
779 469
836 130
823 900
534 345
168 706
8 823
401 647
546 299
251 531
158 61
819 869
604 21
162 32
305 771
457 740
224 745
298 672
834 622
48 391
379 439
313 83
493 323
868 785
172 792
391 574
234 609
475 873
836 326
450 9
177 967
59 508
536 186
613 948
885 959
156 347
263 657
457 99
26 891
647 559
65 791
610 43
605 917
894 822
933 910
493 903
792 450
53 17
647 956
27 351
622 924
914 45
347 718
297 53
230 863
925 683
394 930
770 620
398 853
791 774
879 288
244 721
959 604
28 210
549 976
491 392
334 966
740 589
616 717
349 155
848 742
98 413
616 578
247 764
857 856
514 395
40 568
741 794
83 416
908 151
398 657
24 562
614 491
822 740
477 281
49 50
486 201
159 61
698 929
609 90
866 619
154 863
860 77
898 302
383 544
557 43
83 45
254 855
845 880
611 537
564 306
546 335
439 528
524 410
506 995
859 45
534 583
519 145
996 194
100 415
636 313
103 788
878 234
114 47
51 452
353 126
930 291
987 614
660 904
130 879
772 706
426 2
134 467
341 245
802 361
90 439
471 630
845 261
313 396
62 49
726 8
599 378
674 542
950 883
75 401
169 222
776 114
351 226
125 299
875 492
326 420
669 650
709 621
196 944
490 661
456 541
202 225
317 784
411 343
586 331
273 330
827 623
313 527
932 162
454 282
652 289
943 802
178 344
197 788
306 318
521 117
358 81
284 152
254 6
236 629
475 471
889 869
158 712
604 264
71 837
900 821
84 560
747 272
599 404
141 663
474 660
183 316
613 423
261 594
341 740
620 689
289 777
732 27
309 326
2 622
422 559
354 849
870 425
656 767
470 388
471 470
972 665
93 576
276 224
722 368
405 964
97 71
939 226
569 291
381 453
474 89
185 42
774 50
868 809
471 74
927 696
261 22
708 833
88 586
159 311
752 721
501 546
123 80
455 113
937 498
459 114
556 668
725 371
319 710
69 767
658 332
198 413
53 438
626 472
554 397
611 372
242 465
544 427
820 456
288 233
161 605
53 551
626 299
437 952
924 446
984 209
360 683
183 521
916 842
918 636
26 452
373 939
395 569
378 979
714 809
952 926
477 925
813 547
944 990
908 889
545 529
841 426
15 660
745 107
207 165
856 169
798 138
822 898
568 605
594 549
496 520
705 452
338 231
896 969
563 802
784 981
732 955
474 935
93 79
64 379
700 559
456 501
440 986
681 764
277 233
996 759
408 376
211 365
340 591
270 866
876 521
348 210
921 62
760 18
690 709
819 923
694 261
552 766
404 83
480 713
907 76
427 107
396 975
660 268
295 219
106 912
6 37
137 346
679 756
121 803
513 919
287 516
739 747
775 371
869 404
946 947
587 943
806 399
351 358
82 985
845 17
180 126
623 202
331 609
5 117
119 123
565 77
658 289
23 175
146 461
916 665
386 636
369 156
186 954
722 664
653 538
344 494
824 56
308 329
781 438
138 648
602 373
326 349
165 81
41 451
65 453
215 527
144 980
573 194
143 558
348 556
147 555
222 45
773 675
188 389
196 904
433 490
822 844
607 154
3 40
919 14
211 205
800 382
714 220
933 446
308 106
433 212
822 622
469 766
273 419
827 772
221 109
23 795
575 862
779 665
429 32
612 408
675 341
119 836
340 611
91 303
326 586
3 629
22 307
64 613
231 715
91 348
456 207
997 912
340 833
35 153
96 293
370 188
958 517
760 780
7 203
752 940
508 18
989 605
920 124
629 758
836 304
431 636
646 49
260 372
688 327
711 597
381 638
412 206
360 807
307 800
769 523
664 287
574 806
721 274
872 130
1000 471
504 430
569 166
384 345
995 220
71 105
471 947
554 69
203 49
78 851
961 77
501 316
598 154
583 885
592 303
830 889
703 501
251 410
397 34
456 994
273 220
184 593
5 557
64 231
783 466
821 651
387 933
773 552
207 236
49 710
781 13
876 141
435 497
878 839
311 322
314 738
260 524
410 177
624 205
698 588
476 178
724 152
788 957
791 314
387 528
210 117
376 117
672 930
680 365
976 708
687 854
127 601
58 432
441 296
741 733
667 534
543 107
431 845
988 938
400 579
183 328
493 736
488 156
722 141
372 566
194 978
410 791
730 640
768 109
436 779
418 298
385 467
156 410
432 594
82 626
290 336
309 180
528 549
229 845
803 562
915 204
330 532
284 485
659 211
611 15
882 952
276 513
942 870
906 408
378 363
895 642
146 21
458 259
242 426
298 360
528 773
731 722
127 485
702 657
75 22
807 729
985 163
35 740
614 840
429 932
395 540
145 501
2 406
437 837
908 854
486 762
936 407
518 833
499 529
870 512
853 318
70 184
771 103
940 598
260 736
546 158
451 547
378 513
810 658
664 232
487 178
430 835
602 784
54 895
606 824
663 275
708 180
832 789
707 643
979 998
451 321
306 580
897 943
625 866
707 528
229 348
466 894
106 425
642 157
223 610
157 384
286 60
442 89
609 327
826 155
483 558
964 167
859 923
396 955
950 502
788 405
42 723
501 926
392 510
237 871
129 924
215 861
238 38
845 454
792 238
756 551
73 219
116 646
270 285
164 800
369 102
119 150
363 576
489 925
576 238
99 474
673 415
122 335
473 177
455 1
661 694
292 88
151 776
981 73
748 964
307 54
398 867
804 393
900 33
888 831
463 955
283 33
838 733
677 209
291 618
199 909
353 293
999 938
487 150
113 421
615 666
174 92
474 135
918 295
98 322
10 800
376 352
1000 890
948 762
605 328
945 341
187 408
426 944
633 952
724 97
31 795
128 554
330 384
426 34
334 328
337 420
762 399
222 936
686 140
373 415
525 306
140 784
127 640
845 981
480 984
955 125
519 276
250 829
492 998
367 486
153 340
525 532
656 333
639 855
254 876
587 404
542 873
391 839
966 825
381 375
185 212
977 16
779 230
428 456
46 992
432 907
343 191
851 760
636 354
397 1000
816 629
682 886
904 388
134 265
548 783
492 313
125 709
256 566
900 231
424 696
632 743
853 193
817 875
180 157
679 325
341 97
43 751
964 347
66 772
194 369
382 762
406 346
646 764
71 170
827 712
113 496
919 152
830 813
562 695
84 215
970 93
931 630
4 496
667 80
875 213
902 600
774 883
679 340
403 882
136 535
856 134
197 114
571 429
420 471
508 352
466 136
409 98
11 754
598 682
996 582
608 662
790 120
325 367
219 996
970 660
386 485
615 66
263 41
950 237
186 86
295 408
81 788
153 391
548 280
112 850
385 212
519 393
689 422
138 420
840 86
379 611
264 530
659 661
974 304
155 984
82 664
346 526
518 109
756 744
462 926
176 428
678 615
453 912
419 768
858 43
113 80
755 417
797 220
891 161
907 900
251 206
514 978
507 184
862 337
398 57
94 392
477 512
138 428
705 805
133 308
403 329
805 322
273 945
751 762
735 129
869 587
565 322
610 877
596 424
744 763
231 503
272 666
17 69
499 434
540 183
64 248
913 3
942 374
746 543
810 556
923 327
546 790
932 31
878 823
183 903
336 774
227 963
712 609
106 144
126 215
163 427
935 825
993 136
745 511
77 482
828 318
991 786
25 63
764 700
68 251
486 350
931 63
346 453
879 733
291 348
422 950
850 53
797 602
985 810
603 663
767 904
533 192
457 565
77 196
629 951
557 186
650 364
285 279
349 912
394 177
323 237
507 280
751 245
612 350
85 543
778 27
156 411
637 238
711 683
773 260
759 703
150 973
800 686
748 684
573 117
808 873
169 913
540 672
958 147
280 470
962 206
456 731
368 319
498 942
616 85
263 772
929 872
415 813
507 836
513 617
18 201
381 867
631 135
65 98
321 24
929 729
78 412
878 292
626 261
83 514
523 737
139 820
415 579
22 995
98 93
479 328
650 888
910 146
108 102
770 993
406 509
390 790
136 753
175 176
527 911
877 438
718 842
974 752
477 40
704 123
606 931
719 292
761 86
322 934
736 404
55 188
224 248
22 9
997 531
248 238
709 431
33 966
984 674
782 533
940 885
997 612
409 971
177 103
984 593
629 84
125 597
757 292
193 989
107 627
346 473
680 473
771 546
663 752
46 754
285 330
144 270
298 727
775 107
264 603
428 342
581 808
86 670
293 976
295 134
578 574
727 131
844 852
290 258
185 40
367 784
301 116
764 132
81 604
751 126
608 504
863 592
9 203
341 806
161 287
76 21
795 577
412 55
964 612
803 958
310 450
460 584
677 510
939 447
523 700
442 784
294 785
445 411
374 99
710 393
218 535
429 698
130 693
4 142
151 233
527 882
417 967
344 161
36 831
783 171
491 227
706 514
140 92
468 305
897 639
607 326
240 688
942 25
175 426
124 933
567 869
422 796
295 614
576 472
466 208
250 715
611 439
510 281
93 879
149 92
176 113
615 174
103 410
253 105
720 642
756 64
10 244
621 830
620 663
815 289
971 787
591 310
495 397
958 623
92 779
564 674
780 935
677 973
125 128
479 298
722 338
766 127
726 394
217 682
999 547
42 327
299 444
319 945
46 859
730 1000
342 498
768 197
995 452
462 907
1000 110
721 308
26 866
958 171
887 195
356 281
375 495
749 222
911 115
843 793
369 146
136 334
708 581
750 184
91 589
293 409
810 245
665 782
540 910
668 251
27 229
952 971
397 427
26 511
271 502
313 676
758 374
521 573
890 182
763 172
321 881
378 898
485 942
382 586
643 316
459 717
209 932
619 941
965 713
142 496
257 538
368 893
170 537
162 921
92 730
702 598
174 48
605 276
642 286
368 914
371 386
505 208
434 756
205 567
499 486
797 851
751 192
357 972
598 794
840 490
768 583
767 177
882 305
465 347
249 700
936 940
811 552
704 408
758 591
176 97
28 962
388 991
920 160
6 229
918 638
346 256
976 919
142 440
902 419
890 965
923 964
980 787
849 40
833 675
638 866
54 275
460 30
319 981
780 681
336 163
445 799
655 188
967 894
751 807
4 770
80 152
977 942
743 983
982 89
820 108
489 852
80 311
263 944
268 542
967 156
400 430
588 87
899 900
666 953
351 139
338 726
100 905
216 83
765 937
56 303
386 864
28 301
19 796
250 109
268 380
195 804
948 494
143 524
649 911
678 258
408 758
838 78
27 924
945 433
231 212
801 693
179 841
222 809
741 775
143 54
176 705
315 595
323 626
628 655
420 500
295 712
775 578
572 126
887 958
486 125
252 450
969 21
534 175
814 911
652 30
448 516
749 842
418 868
382 397
310 446
421 895
650 523
709 236
638 194
110 539
892 117
436 759
326 711
93 712
43 319
120 346
216 921
824 600
695 303
932 547
238 302
470 455
354 827
432 965
508 48
709 27
646 896
663 802
498 122
65 549
251 798
694 924
393 259
481 789
479 870
285 169
358 929
513 846
994 621
316 577
892 140
786 801
659 213
679 46
493 983
683 171
612 19
810 787
545 206
764 438
213 424
820 64
787 121
860 833
756 786
189 175
126 858
420 965
772 114
313 627
377 736
377 288
250 30
583 944
460 291
753 909
771 314
476 556
386 836
518 549
957 27
705 34
799 744
307 506
880 8
303 878
677 29
41 827
459 612
465 999
637 777
411 473
383 397
442 433
173 191
874 476
371 104
110 874
880 837
991 595
615 935
898 239
956 281
875 843
847 963
755 657
21 221
974 173
798 511
980 518
174 437
90 560
346 422
400 530
366 925
401 939
813 162
47 242
745 244
798 270
140 588
955 305
480 671
232 336
570 88
354 735
371 807
119 477
51 677
733 621
475 773
100 446
191 65
673 194
985 592
34 796
6 350
198 758
532 242
19 33
181 342
835 323
948 98
493 955
789 638
294 52
849 355
703 216
527 46
34 593
740 662
517 4
579 983
907 860
320 201
401 67
277 848
299 940
176 147
857 74
605 764
326 391
18 972
737 556
627 880
520 22
444 86
887 290
2 598
696 311
456 572
936 486
990 57
97 830
684 94
545 534
305 777
107 133
930 1000
278 68
351 630
932 193
546 863
698 514
872 785
615 971
932 423
918 246
23 982
561 395
119 196
158 811
914 873
664 940
41 723
85 942
447 267
304 11
869 866
977 372
443 432
941 465
250 938
966 940
38 687
185 873
992 343
152 30
816 5
29 808
384 945
100 451
484 98
988 702
800 632
259 832
280 480
358 873
159 872
237 120
898 968
319 662
402 94
242 353
354 295
575 149
191 424
251 149
126 771
345 88
476 758
892 820
869 597
801 477
565 364
749 511
547 705
551 265
747 532
630 258
291 750
961 23
155 88
395 713
639 464
730 476
667 179
74 408
348 559
565 911
717 754
443 709
615 555
355 853
934 561
586 319
913 37
739 279
128 660
598 617
914 527
145 332
296 944
981 431
433 201
434 866
736 494
940 536
886 356
71 744
537 668
514 617
82 195
300 782
898 795
585 168
894 162
882 432
328 223
793 841
572 930
849 611
922 209
392 892
599 603
841 903
533 825
24 359
831 548
46 696
858 578
451 168
180 618
841 784
309 266
14 980
665 482
351 477
978 171
194 602
746 159
768 789
897 183
438 337
613 333
65 687
543 406
253 873
822 203
787 17
952 336
76 376
645 457
82 553
836 322
109 256
181 915
829 519
206 638
570 997
184 24
939 216
52 23
976 355
283 205
394 686
434 371
562 972
83 616
889 772
450 713
255 366
644 81
668 79
249 193
117 554
829 60
197 306
955 90
383 27
60 110
763 425
912 327
948 525
805 132
148 761
732 975
975 101
945 96
598 692
292 783
554 678
760 367
478 726
799 127
923 615
486 205
300 537
589 692
422 805
280 894
297 800
840 150
343 317
805 728
774 409
812 228
443 395
707 966
428 221
492 808
789 52
728 368
996 488
985 857
894 267
328 808
202 833
613 353
158 172
363 938
241 330
189 746
797 491
746 405
946 886
621 696
772 718
220 899
621 329
949 498
60 607
665 939
26 859
462 883
431 480
90 901
94 362
145 54
502 991
786 192
825 414
437 144
919 508
924 86
730 485
209 286
1 777
532 531
593 603
404 463
212 471
347 972
488 243
687 102
598 391
24 884
442 463
313 957
23 126
291 966
895 80
296 360
813 733
830 709
232 774
488 656
729 502
405 411
45 900
435 285
176 893
620 888
220 110
538 7
150 321
337 462
300 214
732 241
810 947
443 294
10 335
504 312
140 766
695 108
715 882
756 110
632 52
300 500
266 164
195 214
548 338
391 446
681 823
918 932
777 560
512 291
659 564
328 836
481 2
926 98
474 37
591 626
6 460
190 313
663 841
599 71
621 523
512 65
933 671
369 394
65 945
981 643
802 278
17 566
824 194
808 839
700 877
203 783
989 932
630 746
24 201
108 640
643 663
171 106
852 519
742 695
276 663
890 289
319 595
545 663
860 981
991 109
792 685
478 48
136 433
523 783
51 62
288 348
827 673
139 675
247 898
903 471
182 711
112 143
738 79
302 220
32 960
696 423
411 725
798 621
305 921
895 116
511 383
573 208
80 954
461 534
406 249
338 227
452 879
54 687
456 362
917 739
738 256
41 560
276 908
709 385
267 434
948 795
756 172
738 499
187 123
120 70
523 389
598 879
549 441
533 804
349 643
779 428
393 633
949 596
896 320
615 988
855 270
76 52
859 843
660 264
309 422
203 751
703 682
872 750
802 233
531 541
954 924
424 895
367 193
742 791
247 367
470 202
401 593
920 915
301 740
472 538
364 600
130 998
424 925
904 391
99 285
267 685
471 581
83 928
144 667
17 675
536 833
386 632
886 243
641 706
910 190
314 310
359 650
929 647
584 553
833 35
467 349
464 685
299 792
359 360
567 647
455 661
849 934
687 30
953 896
829 249
230 366
70 135
589 941
398 702
684 903
858 958
490 26
842 247
202 662
352 87
710 966
107 287
490 173
54 826
847 235
704 363
148 282
920 307
921 30
270 749
5 381
533 169
625 952
483 538
465 123
216 959
582 558
489 397
641 24
440 327
295 344
133 748
837 628
108 772
539 962
744 260
797 262
247 371
689 405
73 936
717 111
631 489
356 217
963 947
968 987
74 918
638 578
458 408
848 951
136 156
363 525
311 869
972 97
721 423
739 39
905 168
472 131
256 644
980 710
839 96
731 635
460 578
666 566
425 924
722 922
50 307
457 307
347 995
791 882
960 438
120 595
946 249
965 683
549 940
877 463
878 984
563 64
878 843
512 877
966 414
749 550
54 740
311 164
576 100
609 330
165 915
690 468
816 970
913 691
862 750
719 99
277 188
426 774
210 113
49 53
893 684
710 802
783 914
537 488
295 552
757 333
278 734
651 336
829 584
50 601
447 577
408 35
279 736
842 604
384 92
663 606
63 818
393 770
483 461
840 117
884 615
146 570
629 549
951 697
547 846
474 78
402 739
643 924
509 600
670 4
5 151
243 436
834 785
964 508
158 335
894 629
671 990
700 842
61 307
539 716
441 857
924 770
502 818
692 486
755 446
612 29
672 664
428 832
674 936
416 920
933 941
298 340
65 103
308 269
571 810
565 952
41 31
574 179
814 666
45 575
961 222
101 684
553 500
973 783
888 517
939 643
465 852
725 158
156 751
486 674
700 492
266 670
47 375
710 221
896 825
895 83
629 411
794 136
80 992
447 930
283 645
947 426
272 146
511 599
205 620
462 165
320 557
358 74
735 600
794 426
266 835
694 387
641 309
969 128
420 691
331 927
300 102
659 857
833 990
836 199
775 653
875 225
882 389
702 744
342 387
869 153
32 736
449 582
12 528
17 890
897 254
203 595
713 769
138 202
736 372
769 292
133 949
215 448
809 488
659 277
146 704
916 428
854 368
986 40
623 189
124 353
664 300
648 913
415 893
860 688
661 577
114 302
846 583
399 756
526 833
564 188
256 733
424 367
521 71
540 933
796 479
818 515
380 603
412 464
313 473
922 613
80 384
445 408
621 223
36 683
53 595
904 951
192 646
840 821
433 449
992 592
790 391
810 449
153 962
316 26
689 528
367 689
246 223
999 823
287 395
127 72
109 557
404 693
386 72
403 858
633 979
249 986
801 883
839 991
788 787
75 626
738 174
317 529
504 8
413 722
235 360
932 82
463 516
849 756
644 222
826 665
757 404
336 592
542 544
524 27
451 289
624 503
182 179
989 289
24 269
679 274
480 351
618 221
840 175
315 655
86 590
529 725
659 738
272 698
937 900
755 909
77 137
629 620
11 231
927 797
640 245
955 215
309 470
256 206
100 461
391 988
428 452
945 758
552 735
509 687
312 213
95 586
115 264
426 165
651 804
232 108
630 836
170 174
433 976
251 73
124 185
273 687
181 814
720 80
497 457
65 781
651 514
749 219
553 624
551 37
204 208
591 996
151 955
43 850
869 706
66 145
782 203
859 468
184 348
564 7
213 223
568 450
971 15
57 579
249 216
464 971
964 904
643 289
735 79
203 374
575 534
869 821
469 423
55 104
611 99
867 300
170 516
860 354
67 864
73 215
736 625
224 325
335 115
463 46
568 638
559 885
184 775
974 606
206 452
667 882
739 974
374 526
858 959
378 581
576 392
409 23
83 232
174 273
514 512
272 361
989 148
612 881
906 760
465 344
237 935
660 463
474 678
625 814
220 454
22 308
154 438
659 657
732 41
533 168
736 44
628 106
846 33
648 326
505 777
552 622
989 551
936 717
295 250
845 67
727 215
768 902
466 91
720 399
461 351
834 667
781 896
194 890
