1000 9872
746 447
472 584
694 951
237 824
453 779
807 236
821 838
989 750
431 744
753 346
437 263
897 569
759 324
873 961
214 91
181 770
754 68
458 409
384 556
99 520
192 613
209 569
617 452
854 43
394 733
496 171
920 573
522 721
65 154
999 699
981 924
857 230
307 197
652 759
10 754
653 650
636 838
798 589
643 396
204 553
463 236
684 838
739 309
933 598
64 107
232 925
601 308
947 288
808 122
195 291
520 782
783 767
588 613
701 834
687 275
874 374
437 344
935 821
794 87
903 283
546 756
713 29
767 854
3 286
558 407
618 130
546 615
954 128
540 432
335 907
928 811
814 58
341 714
50 553
628 78
168 676
78 171
963 227
413 222
915 36
863 858
274 228
850 851
393 914
688 389
755 421
821 370
453 862
366 81
595 605
209 234
526 729
447 176
103 786
949 222
368 597
21 747
9 211
72 422
105 442
695 639
994 720
4 850
243 548
831 111
68 601
255 601
971 280
829 666
42 60
246 308
892 254
968 726
203 67
631 131
388 471
47 818
854 166
951 792
900 74
961 44
467 423
607 59
114 636
5 763
892 563
456 515
628 857
388 499
717 696
154 342
356 784
486 675
605 439
528 798
848 822
439 800
460 822
391 500
752 932
722 850
24 997
275 530
650 889
23 233
580 762
638 432
732 941
804 482
737 961
153 176
980 291
88 411
822 730
456 479
771 776
524 112
616 977
871 139
638 146
135 6
20 695
202 574
295 463
900 819
244 405
191 560
135 38
253 65
935 575
383 962
775 982
617 806
784 427
295 301
724 637
86 658
48 807
663 978
449 758
432 996
149 457
695 165
321 444
929 189
930 238
125 986
614 26
904 493
526 548
982 186
749 444
397 592
20 457
728 319
481 935
281 995
977 320
271 248
458 465
959 815
639 731
17 993
968 754
240 153
203 111
756 881
99 46
446 705
378 251
608 207
273 125
274 462
226 951
869 911
212 390
692 136
676 726
60 306
944 837
49 551
24 803
220 762
423 319
738 60
334 691
745 776
727 206
981 392
126 305
86 690
914 563
678 472
867 529
120 874
942 29
248 393
804 6
128 559
573 351
741 941
447 598
547 380
419 241
399 117
738 497
903 355
144 328
310 101
370 432
701 620
124 647
589 459
495 24
578 892
443 437
746 166
119 446
215 169
14 707
580 33
169 674
42 688
884 351
137 348
428 453
530 669
161 70
624 94
411 538
871 704
964 376
38 799
468 261
859 265
570 972
890 609
538 584
622 24
694 613
403 332
264 6
543 896
452 751
105 684
643 514
329 918
43 738
374 208
1000 671
780 275
331 175
518 593
320 156
412 676
469 309
87 874
94 66
496 539
652 562
982 765
382 985
785 224
715 355
364 339
183 777
740 950
889 84
943 883
835 922
985 707
499 381
425 610
227 938
853 610
948 842
315 95
742 282
689 878
712 729
135 217
197 800
864 99
331 934
650 738
750 595
181 476
555 547
96 332
793 218
815 515
487 936
510 539
225 665
134 61
63 873
45 398
637 84
251 615
638 264
20 60
133 891
778 96
671 511
473 304
971 529
682 964
705 621
647 262
885 791
545 452
480 57
949 106
328 636
332 92
890 530
123 161
251 84
802 348
255 932
275 196
325 356
151 617
222 531
907 955
485 667
274 116
904 131
507 57
319 516
857 229
485 748
658 398
786 219
259 361
892 441
225 304
88 81
550 19
200 995
809 923
863 104
442 724
758 342
939 520
270 913
820 317
786 509
628 838
61 175
486 644
306 22
359 563
776 266
407 327
192 81
972 173
467 89
725 312
328 433
109 756
67 637
415 63
97 438
779 264
139 169
31 111
567 169
547 169
883 364
723 414
535 587
996 693
707 570
249 604
257 87
612 997
574 55
707 971
708 400
985 813
837 308
916 197
275 695
21 423
284 575
637 391
551 987
526 186
745 62
752 974
641 235
937 876
19 401
116 569
617 244
502 534
485 332
241 216
725 518
152 196
975 764
184 72
440 50
739 950
960 953
909 643
48 535
846 617
117 615
208 845
270 35
434 387
454 966
146 15
38 703
517 44
42 204
795 902
152 900
134 756
199 22
494 566
406 660
479 294
218 572
628 811
990 950
991 411
792 707
575 728
390 888
766 244
729 168
51 84
839 230
914 298
442 687
459 651
101 998
411 300
867 194
801 740
951 686
738 25
369 273
904 763
340 493
549 223
805 165
404 514
31 549
396 414
571 488
149 818
396 365
550 586
422 681
295 633
85 582
925 985
768 515
328 26
383 636
591 59
104 609
121 581
853 892
561 807
768 690
495 7
333 232
889 584
727 440
604 37
536 317
366 784
183 426
722 216
798 157
855 468
472 739
552 551
976 851
629 519
319 94
46 977
863 974
828 771
885 862
744 350
798 959
119 310
238 40
755 382
955 555
556 885
527 276
938 181
744 326
848 490
207 761
298 167
173 825
416 934
125 684
753 67
751 712
212 272
708 765
503 275
269 375
967 96
517 401
331 130
424 480
230 916
235 814
93 388
478 198
830 827
120 542
766 949
355 486
745 783
746 592
943 862
452 731
236 690
438 914
349 77
814 233
825 81
527 652
417 661
366 752
476 112
390 672
563 856
714 276
403 423
112 590
810 771
453 181
83 191
712 781
415 132
309 641
883 292
616 714
69 63
563 630
215 315
162 421
91 329
367 492
258 624
253 469
200 223
495 392
379 36
86 633
508 5
189 702
134 225
7 877
194 788
696 718
149 492
617 204
20 383
958 221
225 975
890 767
85 351
527 360
237 25
345 130
364 746
237 116
147 116
226 647
51 464
773 121
761 763
407 303
411 936
798 708
696 10
956 708
627 660
193 16
360 639
499 768
882 711
94 67
313 792
407 98
148 350
715 405
678 283
19 618
403 779
387 398
814 299
525 140
726 759
629 488
260 535
689 22
456 314
314 111
297 558
390 765
28 650
528 148
804 59
73 55
206 373
894 166
144 294
435 809
59 85
447 730
49 159
927 76
984 526
879 711
573 580
798 315
11 39
277 825
736 46
366 857
902 277
426 466
962 544
708 460
447 440
51 963
513 42
452 258
422 622
480 603
834 614
462 351
731 146
146 612
419 891
720 385
59 785
557 370
925 206
273 623
423 746
975 916
483 330
229 850
737 344
51 526
507 80
270 300
492 388
418 483
293 757
479 158
461 447
815 592
526 541
801 34
638 577
730 550
53 213
366 260
479 47
467 687
229 564
913 441
695 827
386 603
597 377
382 649
921 839
563 310
238 735
971 45
682 424
829 455
957 242
886 152
320 249
49 541
670 649
962 901
435 216
734 476
335 307
50 385
876 117
363 74
75 990
369 765
373 29
784 886
35 444
581 756
576 200
850 491
311 415
887 516
214 898
473 490
992 888
809 342
3 299
263 343
888 313
102 215
763 651
133 817
419 59
827 150
24 681
443 161
923 635
396 226
343 328
589 688
409 569
220 53
314 958
576 261
23 538
871 246
858 691
875 755
954 142
758 684
700 304
141 764
913 995
846 3
647 54
106 350
287 679
402 591
760 645
133 717
320 972
872 297
720 345
655 584
124 430
877 552
713 607
431 880
739 731
846 221
573 955
759 516
427 177
157 97
379 216
996 254
243 441
657 749
398 509
781 982
241 168
133 112
872 971
800 787
270 187
588 146
705 874
318 135
123 61
394 767
769 527
783 674
683 831
380 29
969 926
587 475
991 117
939 486
190 812
88 946
539 269
912 505
640 904
723 969
405 700
31 526
459 307
697 954
277 280
143 781
461 481
121 249
395 832
897 646
519 562
2 34
277 364
852 496
908 2
88 413
32 335
399 697
571 344
153 39
853 906
547 211
367 346
791 452
957 956
71 978
440 548
663 526
337 236
11 111
968 90
660 368
509 934
347 55
694 682
3 707
777 564
915 606
124 323
161 207
489 330
272 736
96 484
64 834
671 289
204 378
756 703
816 892
891 400
251 817
52 262
104 815
30 341
511 624
203 771
20 459
846 987
227 137
264 925
281 993
345 214
726 44
434 420
536 920
70 405
411 124
69 648
895 572
752 262
990 768
5 332
833 91
737 220
142 367
438 710
268 257
179 230
696 316
435 272
438 625
404 705
959 749
999 816
433 343
112 274
296 985
773 617
101 874
282 20
748 391
734 182
99 32
573 236
939 910
620 201
490 34
988 293
662 930
934 647
336 964
278 955
943 959
488 543
733 23
681 740
612 856
576 478
150 353
172 489
201 271
93 873
167 550
629 855
847 128
44 179
122 172
896 440
926 273
513 348
794 352
769 202
789 7
275 611
414 84
402 516
699 230
854 912
659 596
586 668
849 198
137 322
321 493
873 200
877 752
988 655
134 90
518 120
707 49
446 167
933 703
401 486
366 510
540 631
150 911
140 591
781 891
104 169
104 724
192 540
545 24
855 831
216 942
237 4
114 337
367 641
762 677
929 627
17 304
623 432
938 968
966 7
703 328
907 895
105 803
895 976
17 449
973 754
558 736
761 468
759 161
175 16
565 408
948 272
921 644
909 475
841 509
37 224
224 489
619 217
269 973
625 487
370 782
645 626
823 475
849 836
931 810
789 456
858 813
215 504
537 272
439 240
187 155
707 576
779 383
263 38
927 79
56 718
953 576
9 635
609 422
480 382
856 50
381 50
680 407
650 371
7 178
664 171
438 298
646 783
974 392
483 623
500 535
696 636
181 252
898 532
594 359
688 224
726 424
484 3
836 312
324 724
733 592
581 453
960 800
284 362
584 288
416 146
717 252
773 186
668 384
636 12
928 317
713 877
593 455
868 207
912 865
479 797
298 380
411 951
913 329
805 331
200 918
666 899
985 79
592 295
296 228
23 371
960 283
354 38
482 211
66 914
912 414
847 742
98 35
823 450
253 645
217 407
880 113
808 238
3 12
661 393
779 991
213 579
370 818
991 724
297 504
429 196
102 325
801 824
568 541
633 121
510 121
280 724
652 20
758 790
736 237
275 987
855 839
738 439
645 921
121 431
220 865
418 977
721 648
104 662
547 427
436 765
275 697
150 523
392 635
673 990
30 205
858 466
984 777
140 101
262 634
125 513
980 305
121 890
397 839
90 235
976 248
461 320
542 59
195 428
798 976
171 975
858 103
17 589
548 767
364 668
184 74
84 173
186 536
852 740
280 477
873 930
837 775
699 746
276 521
541 3
411 994
782 279
794 445
859 480
937 302
521 47
541 180
247 151
583 793
769 777
863 57
178 781
588 960
827 664
627 922
796 149
49 568
670 746
782 928
568 364
566 779
934 815
4 288
83 361
709 741
321 684
675 941
602 599
647 935
577 403
836 760
732 569
714 28
809 288
480 250
960 180
944 521
600 219
908 172
208 711
885 198
888 342
228 544
682 45
876 399
469 815
807 682
534 77
809 450
742 288
64 647
20 690
681 536
442 12
461 800
56 646
139 794
404 64
944 85
267 248
772 875
669 509
814 766
926 468
285 500
252 137
508 227
771 713
901 666
209 186
851 631
232 229
394 348
567 371
271 950
846 830
849 106
800 594
428 627
807 663
474 209
613 98
461 501
368 707
440 208
133 83
411 849
393 254
69 853
89 175
794 359
313 439
422 115
740 458
902 937
378 151
311 681
425 62
725 491
549 701
661 815
131 364
613 550
563 369
303 42
572 481
240 122
674 407
362 421
18 857
653 803
478 343
61 213
72 530
701 933
408 564
540 357
129 770
28 561
891 539
253 574
144 30
328 459
201 67
18 635
334 800
554 601
956 213
120 877
107 409
861 208
831 808
410 352
804 144
390 884
928 904
486 142
897 899
214 303
667 569
284 835
287 856
400 628
17 191
685 949
922 409
281 279
245 974
194 624
157 380
586 522
399 291
283 49
320 793
251 766
663 192
141 916
509 826
661 173
385 482
774 132
152 403
299 36
216 562
432 899
723 941
981 561
375 185
431 720
648 674
648 546
777 130
100 47
356 177
359 850
33 242
454 610
829 622
742 709
394 549
752 581
859 443
818 6
938 38
557 720
363 437
373 884
100 924
230 807
450 767
914 78
770 561
787 707
62 419
445 297
819 100
141 48
652 294
612 450
353 202
117 401
300 599
173 479
322 711
92 721
18 716
424 139
978 718
289 166
790 129
12 1
430 784
366 658
884 843
26 124
689 867
671 791
168 749
987 578
624 440
589 650
71 887
76 803
441 426
222 737
6 946
552 55
465 348
414 407
557 629
771 978
617 850
101 547
983 871
570 312
54 89
439 125
549 352
667 388
486 404
916 147
76 400
196 265
793 328
133 727
794 563
544 834
30 97
821 282
987 14
7 691
437 97
898 533
605 243
926 625
702 236
693 336
273 621
55 583
167 9
795 736
760 755
47 599
180 436
751 959
510 843
833 454
280 450
414 525
697 119
471 612
310 458
646 328
886 589
227 255
317 350
692 446
985 428
15 139
807 863
78 809
874 924
854 158
322 359
443 537
264 180
598 147
247 803
913 217
331 332
848 946
316 248
355 322
856 477
433 444
922 712
338 499
429 968
14 100
149 569
351 551
923 174
178 475
641 913
680 937
383 406
694 819
315 158
813 755
575 788
524 874
121 227
840 559
383 359
990 277
370 642
689 830
249 775
837 142
419 61
202 695
793 1000
900 948
3 459
41 668
813 38
542 636
48 224
266 827
309 711
629 782
390 392
233 53
819 986
806 768
223 662
802 187
492 693
278 605
993 588
210 430
980 830
450 321
91 81
328 701
684 202
198 882
271 962
117 834
485 474
712 402
159 665
972 988
481 927
132 186
100 886
137 196
1000 316
319 724
386 573
943 69
597 283
799 947
564 84
959 696
217 167
398 140
855 708
89 413
161 568
201 763
737 537
882 738
106 568
344 205
986 516
623 713
347 962
900 340
294 719
959 715
781 215
572 523
641 844
804 264
217 320
904 766
634 101
876 234
92 665
607 362
505 280
737 965
535 142
416 512
462 174
444 397
227 999
969 58
589 705
475 289
348 81
119 918
102 64
965 206
127 944
976 665
477 484
667 604
258 917
410 559
512 539
987 315
242 718
375 558
841 443
693 581
487 924
312 480
955 482
439 985
600 647
103 588
751 160
544 429
189 663
299 59
872 263
390 150
584 411
656 632
289 97
608 257
342 765
997 177
670 105
786 602
553 893
276 968
582 711
964 477
807 1
521 360
616 42
194 64
911 103
847 869
317 390
427 458
179 349
678 897
166 117
118 338
320 261
213 198
727 16
420 992
38 435
352 918
639 146
526 100
982 378
537 845
402 422
169 433
277 294
554 804
41 143
763 486
311 151
577 382
763 599
224 301
701 789
743 190
525 71
158 624
496 913
391 250
460 98
729 581
987 633
970 889
615 81
319 404
20 448
463 439
864 91
225 407
667 568
870 97
618 198
525 698
818 388
837 376
125 438
111 903
478 946
274 771
586 523
552 631
2 584
976 931
833 814
746 309
565 671
177 758
90 817
77 21
778 72
462 753
211 947
160 943
663 867
613 52
212 883
485 385
379 130
550 590
801 27
285 874
773 213
441 660
687 627
670 359
194 420
711 393
355 32
422 239
649 185
762 786
874 968
307 29
291 672
843 127
240 8
160 50
942 641
155 81
468 8
293 227
131 216
79 694
610 160
666 766
540 219
687 643
438 962
809 238
520 791
667 216
136 512
728 986
842 110
515 28
532 934
187 447
49 434
527 749
586 107
70 264
272 223
352 109
526 232
154 223
173 17
121 288
430 896
676 120
126 51
76 860
93 986
423 518
42 986
76 691
230 800
684 306
831 557
176 25
555 497
698 242
36 509
607 870
922 506
335 547
928 883
12 582
85 856
354 815
560 78
744 507
708 94
945 644
17 837
879 23
347 238
573 916
315 908
301 689
267 993
696 749
952 343
461 299
355 824
906 136
108 544
859 248
7 624
470 458
934 325
593 453
958 79
325 690
342 240
860 885
826 709
268 340
621 384
605 795
145 229
41 404
429 568
467 398
913 216
535 673
425 902
696 263
167 824
274 677
905 541
925 962
527 946
729 190
753 763
348 697
638 89
28 459
912 190
607 369
136 572
157 846
339 23
610 422
888 316
154 128
488 714
965 88
715 609
865 92
81 589
447 618
379 800
342 348
90 693
864 404
721 637
600 398
304 123
107 654
825 559
167 744
205 309
499 232
392 750
584 130
983 778
250 890
128 184
384 82
478 906
851 492
154 580
825 777
772 768
862 615
112 966
868 681
650 484
584 96
837 594
986 316
659 398
453 829
453 857
789 799
648 669
25 578
981 519
759 176
987 818
547 709
930 199
204 120
497 170
209 382
636 685
380 225
398 448
388 190
748 564
132 187
631 233
498 935
672 665
7 741
160 36
490 855
930 536
146 11
972 853
406 569
598 77
319 548
87 712
914 4
878 301
95 77
354 89
66 837
231 445
142 150
697 826
593 604
245 475
531 354
199 816
628 934
925 73
957 388
787 373
725 152
181 910
72 760
435 422
347 584
874 437
670 906
199 598
735 672
41 844
614 563
266 619
585 783
201 54
655 945
735 561
205 614
296 798
979 3
905 808
418 785
182 318
957 584
634 695
102 65
974 181
757 299
81 826
390 474
712 868
641 440
428 184
394 120
937 914
974 87
923 791
263 270
671 157
472 743
200 310
366 135
573 875
668 693
996 282
371 311
858 295
128 418
848 273
621 294
171 4
355 739
894 520
275 34
778 439
911 241
18 256
826 411
540 669
777 245
962 43
820 189
622 1
643 668
290 620
766 234
347 613
791 524
994 760
811 466
959 810
549 554
237 430
766 433
320 262
363 344
825 451
297 122
722 973
526 101
184 420
593 952
705 6
634 164
687 914
28 365
459 683
830 910
128 884
382 817
109 551
670 998
468 314
306 173
896 447
532 899
889 44
671 684
698 522
571 264
165 631
115 948
791 263
278 958
464 862
694 502
457 211
375 751
943 553
702 834
567 237
59 954
280 957
747 489
970 600
498 329
278 523
923 834
413 784
71 957
153 365
360 393
12 562
560 5
642 921
994 856
833 734
781 918
894 725
203 962
276 894
918 677
998 631
200 560
989 784
777 128
104 172
195 759
87 317
125 618
772 653
223 173
133 181
320 580
345 760
725 5
532 269
369 137
960 532
653 527
748 915
382 58
200 893
493 464
807 778
441 629
319 636
81 127
32 158
99 883
792 656
79 512
960 306
771 378
866 164
45 513
173 616
766 981
213 827
420 251
648 350
102 461
433 368
336 490
936 89
148 957
369 678
745 751
176 734
374 657
321 539
605 363
300 333
878 801
681 299
221 98
297 530
743 221
49 433
837 168
586 104
698 558
625 710
989 125
225 208
137 854
279 503
333 21
54 829
606 766
257 221
828 300
41 678
558 125
599 595
763 961
766 480
932 338
954 246
249 564
879 304
77 214
850 982
63 775
393 751
432 835
807 388
629 586
388 534
741 384
300 330
637 111
547 859
161 244
826 142
190 361
980 907
695 480
721 109
28 355
726 286
301 705
910 721
12 820
293 646
648 960
960 850
544 657
467 706
764 52
11 438
868 962
787 636
990 530
649 506
778 470
35 919
566 401
398 7
825 281
916 576
26 928
377 674
727 25
325 578
914 33
309 133
886 877
977 583
501 257
782 88
524 798
571 775
826 804
296 231
633 706
596 434
777 376
984 148
783 438
628 835
437 886
296 118
776 160
69 367
518 848
207 949
321 630
140 142
503 115
469 566
613 914
988 512
724 107
908 139
433 237
72 955
520 899
980 277
361 323
608 844
201 234
701 717
775 714
228 693
231 770
513 511
76 833
292 902
96 15
465 446
784 310
341 218
336 685
281 348
284 901
466 800
360 291
130 206
436 760
399 500
833 868
998 642
431 967
113 558
664 138
132 608
63 136
15 309
384 673
608 359
347 205
632 365
704 778
959 450
66 367
671 478
411 500
347 378
661 562
30 381
829 547
702 307
886 572
42 34
195 719
161 355
881 412
613 809
238 883
83 814
857 347
341 106
490 852
162 760
237 457
170 386
890 277
625 96
238 589
973 550
652 657
429 520
159 19
855 710
108 457
465 828
815 180
356 655
50 462
382 907
610 246
293 186
888 524
5 630
586 383
161 792
201 987
994 136
223 793
300 537
810 949
376 335
322 781
990 356
116 273
387 347
892 211
653 108
736 430
484 408
6 606
10 533
106 250
757 441
98 518
562 185
107 732
325 301
720 769
439 821
576 357
480 330
909 330
983 952
548 203
534 418
455 419
929 484
215 131
306 861
756 108
788 297
261 471
694 87
915 934
608 148
665 339
812 486
51 684
180 328
336 250
203 985
668 549
1 802
902 301
978 191
535 677
674 641
281 884
379 105
580 159
217 218
781 676
345 218
511 717
991 183
483 100
925 325
138 521
14 156
108 271
381 797
908 696
543 827
674 566
752 314
914 105
975 691
290 847
956 684
957 197
152 788
464 998
672 91
105 980
143 734
242 834
217 352
757 936
783 471
870 761
875 341
179 234
255 447
866 112
631 816
101 773
227 726
148 714
60 46
129 762
745 754
374 650
66 763
395 787
913 850
572 177
274 908
28 675
16 91
664 663
438 774
700 237
594 936
991 958
326 120
124 959
197 165
340 90
989 137
115 804
120 634
31 34
605 89
698 877
880 632
277 110
560 838
867 834
300 65
379 600
768 659
367 491
6 247
745 876
119 666
465 23
232 294
195 186
482 794
290 90
800 513
349 957
741 363
506 956
23 87
54 517
536 397
204 267
213 922
997 66
16 709
969 276
509 680
203 965
259 951
856 793
637 172
693 234
199 401
181 902
739 612
592 867
747 891
299 455
86 13
159 851
384 583
973 315
26 872
227 169
295 50
156 106
251 172
540 922
8 49
449 326
877 193
329 99
402 377
97 631
922 576
460 519
820 295
740 606
122 405
108 160
985 69
570 635
495 672
727 981
174 975
213 939
516 350
738 218
921 426
938 520
724 25
983 850
321 538
516 493
830 666
957 685
444 448
927 277
178 276
35 229
240 549
774 648
477 264
831 841
478 739
281 37
49 391
525 506
927 442
362 88
920 396
25 40
478 882
799 124
824 872
71 769
935 620
718 324
546 642
923 688
393 669
508 320
56 577
426 479
334 252
86 621
287 718
695 221
509 874
209 118
707 243
251 671
16 658
950 437
57 458
3 940
759 575
280 295
377 869
251 780
824 420
740 216
464 467
526 631
708 894
995 355
843 721
915 188
163 675
368 703
644 378
405 738
584 691
488 360
203 207
294 26
498 897
318 236
670 321
940 875
125 766
255 563
421 237
28 1
29 504
782 174
878 279
881 209
370 588
770 609
181 606
666 574
204 977
667 491
970 360
933 100
883 905
458 68
900 371
829 51
886 12
248 400
107 183
391 393
49 754
417 886
878 851
37 273
934 993
353 68
120 825
504 216
709 232
412 987
73 69
883 596
520 900
279 421
402 233
230 413
582 70
923 716
309 546
794 94
144 371
500 947
654 706
89 796
576 282
831 754
723 477
137 518
764 695
643 621
159 150
197 782
970 526
538 960
613 438
25 181
980 603
219 251
57 260
718 211
777 515
318 765
194 951
964 183
395 372
56 972
307 765
659 400
785 957
163 609
114 209
43 215
364 521
972 840
424 974
939 17
578 755
981 758
104 86
286 897
741 269
397 125
761 852
243 557
372 847
622 107
422 75
298 205
229 595
14 129
34 579
952 194
695 794
274 82
226 827
610 789
320 409
9 775
375 350
838 594
565 314
421 18
683 835
121 651
414 465
753 271
45 567
164 347
517 345
701 44
689 748
806 668
190 563
247 896
122 461
801 766
344 895
884 633
670 904
452 749
74 187
58 548
611 912
387 346
648 404
743 151
176 743
895 40
831 816
478 552
644 958
158 682
750 832
439 135
371 245
997 617
394 775
121 478
230 8
996 599
447 281
851 636
91 355
128 791
246 216
846 497
3 959
951 665
37 986
657 61
581 797
875 964
637 856
849 221
833 752
237 869
711 755
5 938
347 301
172 981
964 329
33 121
860 618
188 930
868 941
251 933
603 136
498 886
373 634
484 805
658 302
570 930
4 972
886 904
544 329
929 769
915 466
511 861
666 852
796 471
778 614
391 315
331 184
975 534
451 975
681 130
335 321
598 329
766 959
161 842
913 831
573 5
645 392
400 918
857 882
732 618
325 204
408 604
532 798
457 92
404 701
740 921
101 661
282 17
49 314
898 803
662 820
790 249
280 626
903 442
173 153
268 243
177 161
274 796
3 358
337 400
249 828
899 451
369 124
956 311
590 820
422 922
353 735
618 197
448 757
177 265
713 175
93 661
42 921
423 260
903 126
742 34
431 777
806 263
185 887
976 934
993 536
635 763
154 698
453 654
708 244
230 533
880 986
345 490
219 449
203 964
403 6
668 522
686 711
121 935
186 621
761 931
315 835
854 404
68 521
967 911
497 449
463 732
341 176
311 792
916 686
900 235
332 277
62 250
554 82
373 880
601 149
734 347
716 194
900 865
249 307
857 940
587 119
729 750
636 536
434 54
201 769
933 464
383 105
135 530
317 875
67 872
908 786
801 678
736 521
614 254
974 567
614 622
508 669
223 182
334 257
733 233
309 973
183 36
776 706
942 179
102 188
270 984
823 244
827 241
791 410
758 555
119 859
48 248
492 943
334 82
525 731
103 435
646 709
932 675
132 767
570 285
263 195
926 385
987 149
717 260
207 869
552 997
646 915
152 499
578 864
385 627
122 528
640 503
492 386
717 247
393 708
315 879
446 471
484 878
910 326
217 941
401 342
256 639
8 141
835 261
378 344
17 646
618 814
196 850
424 303
874 811
395 670
123 373
754 433
863 81
264 263
874 698
28 38
922 724
465 871
706 703
450 603
643 146
847 658
313 943
904 710
10 797
818 948
527 556
18 556
628 611
314 759
206 441
961 900
162 547
73 68
954 455
940 758
776 623
390 723
961 565
124 881
8 599
487 257
2 971
757 419
150 179
297 882
305 186
785 624
110 695
93 827
49 189
381 96
550 771
188 704
172 61
154 976
224 506
931 184
860 242
612 627
760 966
4 488
543 495
604 207
896 176
181 170
842 724
404 399
815 943
301 513
141 984
950 406
756 680
775 281
746 411
621 541
623 51
950 257
110 98
425 410
579 57
32 276
693 33
365 112
347 493
453 111
192 554
370 120
213 460
196 605
151 906
299 671
311 832
653 597
539 402
450 547
198 333
364 93
862 228
937 51
900 449
494 680
688 811
63 622
827 524
610 244
701 43
170 565
602 910
744 594
139 526
411 293
585 978
857 789
240 817
350 314
449 261
729 339
178 507
473 722
662 809
35 66
944 526
358 240
965 936
624 230
41 962
150 236
483 897
10 531
62 808
690 497
548 23
572 909
538 13
926 684
728 691
529 966
885 483
449 819
447 280
768 649
422 974
813 151
427 868
690 674
231 518
699 208
684 388
750 765
759 276
807 334
935 277
219 743
10 38
926 104
270 460
147 131
261 247
526 701
855 51
825 4
219 277
938 301
21 535
647 327
588 970
284 431
959 797
534 805
422 485
902 787
427 433
907 619
761 717
234 845
554 492
38 213
226 877
750 772
229 630
178 968
51 362
34 612
661 697
521 78
613 720
374 204
304 148
657 894
913 276
204 431
175 122
711 84
415 555
456 984
960 344
317 213
264 479
568 269
435 278
718 267
987 814
314 572
98 343
429 157
710 54
822 924
400 941
681 460
480 155
922 46
282 385
488 758
657 331
325 914
533 584
326 958
266 925
859 566
219 919
902 557
723 39
429 464
822 297
328 61
384 255
572 768
332 541
611 762
915 742
153 295
873 400
671 237
701 322
530 684
604 183
401 702
326 745
437 8
526 750
363 876
823 708
812 347
963 961
102 575
198 702
931 563
155 745
7 520
502 704
747 967
659 169
131 166
274 249
475 536
761 787
320 583
781 710
532 556
660 709
167 471
479 65
726 66
655 66
532 580
256 690
421 88
4 48
460 434
193 233
856 343
194 322
657 858
734 344
20 947
749 389
791 876
554 885
920 221
539 203
502 319
13 224
161 853
799 747
313 914
590 62
528 759
468 234
509 450
329 164
679 700
503 816
913 828
827 786
23 809
444 450
453 156
475 508
721 912
809 396
793 134
720 828
496 768
885 298
101 507
727 539
180 974
993 857
653 485
676 858
552 712
789 37
635 621
548 412
237 525
953 292
333 58
28 495
243 318
570 39
73 965
385 449
87 252
860 444
61 513
246 519
565 913
234 739
237 192
772 733
220 946
617 290
375 86
985 262
507 198
270 166
290 544
476 911
113 67
385 532
632 673
817 534
673 481
178 513
750 241
916 579
995 719
665 837
596 735
564 125
933 768
91 677
165 150
494 546
26 620
812 899
687 881
70 797
36 645
551 294
809 899
661 866
938 825
957 11
26 415
833 5
913 633
890 934
696 267
727 879
97 770
593 901
649 955
230 550
925 990
404 647
406 93
691 129
434 938
183 869
993 441
250 450
351 704
745 601
124 882
737 45
504 440
158 735
965 213
487 657
37 706
279 645
131 164
908 379
161 446
950 218
746 768
76 723
58 66
580 323
432 147
732 6
278 566
542 771
210 946
160 525
407 524
637 633
225 701
194 804
12 757
640 182
569 272
633 196
793 472
171 28
834 756
858 254
630 874
61 549
702 144
910 688
541 108
601 897
449 444
378 266
203 237
494 476
556 687
761 715
397 261
878 326
682 85
541 233
670 562
798 519
473 208
65 494
411 6
231 441
468 989
70 889
930 758
790 518
227 302
563 136
268 276
18 879
202 16
274 645
94 2
232 634
64 209
339 985
913 986
258 177
939 778
11 587
965 774
197 428
866 845
123 805
550 755
59 180
444 394
192 339
68 302
936 818
735 578
719 73
386 271
70 440
390 335
470 761
741 679
453 485
242 632
370 389
483 894
462 440
121 589
927 13
552 753
36 418
23 676
820 726
529 743
94 983
475 115
729 891
712 70
930 5
694 42
401 721
276 247
403 529
647 416
794 628
962 402
375 843
622 440
586 754
698 392
167 127
440 726
65 541
835 17
671 447
313 223
170 176
201 719
104 180
470 391
886 543
354 420
687 602
762 911
626 120
865 784
477 554
939 285
8 393
579 818
659 106
19 267
94 333
226 989
442 495
677 370
577 166
960 298
777 292
134 859
598 220
529 315
431 239
291 536
147 540
442 660
905 456
304 669
359 377
770 982
240 975
41 242
539 159
153 968
209 964
487 21
783 536
397 237
736 623
740 923
217 684
69 181
895 121
606 996
955 413
519 983
666 441
580 711
780 385
31 777
684 549
463 370
980 328
451 410
861 91
831 679
244 67
766 456
421 827
371 64
667 575
842 523
975 757
994 221
779 54
85 803
855 259
901 586
76 618
105 50
8 922
81 196
579 325
335 763
930 41
968 204
275 356
426 280
355 690
7 869
656 601
566 252
354 614
158 354
734 797
916 330
481 873
354 473
975 809
265 120
873 979
322 123
102 625
397 619
740 796
809 635
70 532
630 818
592 20
3 639
943 337
948 249
592 163
83 600
304 859
87 162
271 453
38 464
900 646
777 320
139 875
891 878
503 636
62 421
585 536
857 803
397 128
370 892
331 388
970 85
207 142
465 539
979 170
212 240
819 264
801 789
254 367
19 848
886 368
757 365
819 697
583 432
714 417
183 38
990 463
802 604
234 10
879 606
664 613
371 175
84 520
606 653
719 950
500 888
927 197
859 819
609 296
367 8
851 471
279 838
508 178
128 64
111 594
862 821
3 768
941 698
765 22
664 33
539 991
132 543
858 283
401 554
150 819
56 128
792 308
543 621
189 444
688 453
428 704
215 648
565 175
905 68
238 788
800 894
622 61
630 600
706 104
890 509
199 37
312 823
407 281
504 543
624 816
924 501
286 970
716 42
382 915
18 776
960 385
45 609
304 677
101 505
574 226
255 112
429 851
856 193
325 130
917 590
615 801
214 922
692 542
733 438
805 793
330 379
481 253
482 558
174 200
175 625
862 725
573 414
704 211
339 376
286 273
377 2
434 540
614 197
391 78
603 628
71 998
632 883
538 969
334 172
979 825
937 188
529 762
694 220
348 280
36 628
816 106
814 741
233 968
305 491
841 649
698 2
699 807
78 288
650 481
909 633
379 355
930 81
332 155
29 917
727 98
860 385
128 330
792 225
77 937
812 284
506 141
542 77
772 45
124 132
455 236
916 258
925 460
138 910
432 687
52 72
91 994
865 779
238 887
521 199
703 171
887 158
484 659
144 989
843 988
700 931
727 379
66 815
285 591
142 232
401 82
790 660
832 410
425 84
759 241
855 706
161 562
454 217
365 434
31 609
804 679
535 305
437 854
166 444
444 54
227 702
607 195
552 182
741 395
727 783
28 603
984 257
179 545
245 288
837 108
841 105
879 545
491 928
81 940
525 319
586 831
36 348
681 513
59 917
315 271
244 415
409 838
528 252
106 408
470 617
953 385
449 930
30 129
651 969
486 455
771 673
261 467
686 460
64 811
582 621
803 272
163 620
492 663
733 975
590 104
811 781
78 316
337 902
135 335
85 608
357 459
489 707
492 550
203 989
683 343
702 497
868 985
523 238
156 461
878 150
276 982
226 521
812 256
171 136
962 181
16 395
62 712
330 571
690 65
350 958
905 51
485 142
341 153
493 942
77 687
104 339
251 132
520 180
878 355
915 471
331 44
288 249
161 621
53 567
708 825
644 738
340 197
838 716
490 598
515 763
500 387
691 474
951 305
917 641
351 980
135 555
433 335
515 921
953 162
745 758
676 364
733 333
81 750
425 524
320 721
603 865
254 451
129 272
702 726
907 513
28 814
638 293
16 238
101 453
566 262
641 366
898 375
824 225
556 383
810 923
339 417
181 462
805 644
20 972
225 538
98 776
686 377
870 490
690 580
432 860
713 317
471 21
312 386
220 283
521 754
738 856
600 873
406 899
582 585
566 66
230 258
293 998
129 845
459 450
738 971
869 51
30 415
218 103
275 468
574 728
21 696
464 491
727 42
169 586
955 679
460 127
298 110
890 516
123 159
674 773
472 917
968 570
164 843
238 188
591 888
423 986
844 36
592 21
208 782
94 302
294 988
612 175
759 8
878 750
735 35
816 486
334 840
616 441
649 673
89 479
532 735
98 881
299 788
138 544
383 106
259 162
889 497
945 391
969 265
540 320
611 732
883 636
115 998
546 884
486 67
892 962
487 286
126 170
435 643
326 756
537 367
884 850
893 668
909 919
125 370
770 352
721 523
884 961
794 489
483 808
63 900
104 531
948 187
31 2
968 444
169 209
119 709
889 926
854 920
654 772
351 249
474 348
423 293
903 95
135 497
980 690
556 129
650 458
854 634
622 390
566 402
147 332
411 579
546 26
397 940
401 553
475 856
846 889
663 545
650 44
924 899
929 115
255 985
533 369
425 460
341 224
786 815
222 110
567 430
521 170
350 35
613 645
798 553
639 645
896 721
734 683
535 590
352 997
829 365
226 898
726 991
431 49
554 196
296 236
4 165
563 174
754 575
866 69
919 205
353 382
649 953
779 838
190 539
359 384
221 447
24 869
978 538
248 259
448 197
247 719
383 771
52 750
550 445
983 732
987 665
624 253
145 692
240 758
672 594
504 75
69 29
701 63
420 329
818 356
948 935
42 826
131 519
650 573
814 262
724 910
709 222
33 533
286 161
489 59
637 300
103 464
486 472
107 533
950 75
849 356
722 234
545 47
154 590
780 910
195 118
205 794
833 744
25 987
769 317
142 514
345 438
30 384
388 902
195 404
124 22
551 819
219 266
989 802
276 819
800 701
66 652
807 26
960 947
941 976
200 732
938 86
557 640
564 502
9 954
691 690
503 144
180 181
458 307
611 331
973 592
977 533
942 993
669 887
835 627
490 992
843 940
830 186
445 392
356 549
106 656
14 423
531 251
78 332
438 755
810 334
539 260
316 155
796 237
448 3
88 42
35 613
607 189
779 866
635 300
108 228
399 122
735 793
1 368
467 127
362 134
434 827
999 229
71 534
993 52
121 369
162 693
624 360
723 12
452 30
129 469
780 844
747 259
861 279
828 576
6 780
11 102
621 843
968 67
552 642
759 989
155 883
323 41
807 331
850 810
797 337
195 483
566 22
660 95
875 931
759 739
12 874
786 597
756 567
137 15
963 887
345 172
753 287
40 734
475 561
668 448
228 351
302 706
658 298
416 65
860 644
312 914
739 813
578 501
798 726
655 107
713 958
38 91
187 895
77 575
333 917
48 779
839 399
986 961
7 712
95 175
726 32
333 870
653 711
819 227
624 889
917 818
184 426
829 6
153 605
725 213
344 286
397 154
643 350
3 63
848 512
460 766
979 342
796 864
818 1000
835 794
819 385
127 124
697 989
737 792
97 185
706 533
818 123
675 734
235 215
700 123
738 616
645 662
602 853
287 157
783 824
219 635
606 885
185 703
37 422
222 610
390 670
282 319
394 57
675 316
513 393
701 281
272 377
194 678
837 464
349 662
410 522
230 187
68 34
453 616
993 931
29 649
157 372
195 161
147 450
590 986
370 137
975 612
485 168
413 155
472 713
548 458
989 584
974 292
669 330
582 729
290 313
547 28
484 458
502 596
410 974
910 767
217 804
169 585
560 278
781 882
285 867
292 287
94 525
155 667
542 828
166 57
218 541
568 95
877 43
936 320
995 32
555 604
946 484
711 164
895 987
549 488
130 761
57 591
518 588
922 589
865 129
320 151
643 273
880 511
335 326
923 45
62 427
959 699
430 463
838 440
430 883
681 115
496 327
973 971
978 567
67 876
454 448
280 228
629 111
975 151
539 167
154 183
892 963
842 248
165 533
738 313
206 323
840 281
750 892
898 169
940 812
561 417
390 277
736 281
176 897
467 128
451 265
110 526
960 501
332 572
133 573
923 695
961 812
766 117
400 584
58 28
168 998
197 567
239 76
42 520
372 547
745 79
926 318
453 878
203 535
829 823
817 507
525 778
983 50
78 336
143 187
881 648
830 323
579 65
726 272
85 392
487 55
983 419
698 305
630 700
5 55
560 306
29 209
765 743
308 24
290 575
954 534
526 922
968 678
330 707
173 887
855 587
821 855
932 823
455 441
973 572
310 615
912 632
35 763
459 779
317 169
1000 629
581 525
715 474
506 681
645 443
558 628
575 574
636 568
641 888
434 982
696 509
239 857
974 740
994 254
226 340
715 737
703 19
165 727
386 4
996 971
61 390
927 359
676 165
165 696
757 62
245 330
378 621
879 527
205 716
442 142
704 213
922 148
172 283
523 552
487 658
235 445
550 948
495 135
261 731
427 751
406 977
181 805
146 781
962 747
582 500
859 785
306 691
347 37
577 788
216 872
231 623
37 946
276 222
647 441
468 508
673 838
926 112
216 791
720 62
767 670
497 210
686 656
39 30
960 773
707 496
873 792
468 548
677 744
169 787
902 811
173 953
579 202
928 171
69 888
712 489
659 226
267 449
293 352
539 584
481 512
669 965
144 762
402 75
487 362
517 17
557 784
715 152
644 148
402 299
499 853
197 408
977 677
209 819
672 53
579 831
516 110
226 22
409 494
905 465
874 666
1000 593
469 498
151 74
887 732
100 690
840 661
503 727
181 886
301 226
486 814
326 199
885 92
44 524
852 395
688 704
822 551
224 136
331 684
760 298
373 281
983 592
141 419
399 643
680 171
296 660
335 861
192 453
987 386
487 534
84 578
50 622
345 838
141 645
733 811
276 412
241 644
319 350
506 819
233 25
328 995
238 362
385 364
907 3
426 400
318 642
335 736
194 916
177 706
986 360
384 932
684 23
172 835
335 657
590 131
17 774
645 217
402 824
789 148
462 524
449 371
177 940
875 479
825 8
20 366
4 683
262 141
216 529
949 439
971 419
87 695
609 786
665 992
632 621
669 56
430 800
795 219
644 362
42 4
668 368
104 341
936 755
51 366
364 927
565 281
568 51
364 46
971 30
679 289
536 529
204 903
566 893
130 645
739 411
283 417
302 383
491 66
984 449
468 210
610 7
938 542
580 691
687 249
780 301
528 286
343 951
776 604
563 820
33 769
196 715
269 641
127 861
607 455
971 666
768 587
415 248
418 844
699 421
57 430
774 561
611 657
44 278
281 252
379 737
325 267
91 322
145 814
58 121
78 124
23 709
104 727
416 486
413 233
390 479
989 470
918 594
703 728
544 831
824 543
55 709
441 81
404 323
82 677
963 52
253 604
103 761
310 957
994 962
452 457
595 545
660 995
717 206
422 426
322 118
103 991
416 255
790 897
4 798
613 798
407 435
815 566
114 878
216 412
752 638
125 724
919 596
5 500
202 149
30 601
930 603
477 700
846 735
958 437
61 538
929 657
491 256
430 154
212 430
195 824
624 870
326 466
114 952
577 48
104 99
853 419
411 368
966 130
749 274
945 443
554 768
900 276
836 682
667 208
460 882
923 330
653 93
676 130
235 178
474 998
644 672
760 499
813 279
121 191
54 645
548 789
40 307
314 830
166 823
525 500
429 415
969 250
766 277
427 642
194 651
822 265
608 901
223 788
508 350
56 583
974 103
104 819
311 2
215 65
589 372
627 129
989 570
612 555
284 606
252 202
694 17
950 399
843 582
556 706
946 837
692 353
824 281
720 154
332 80
479 131
483 86
755 432
449 69
911 935
878 430
350 775
80 295
947 883
701 288
978 871
598 168
467 406
356 136
748 893
235 850
188 731
208 522
467 379
890 218
174 787
601 101
605 565
416 711
515 821
476 463
574 272
946 235
527 954
511 199
149 576
350 323
942 391
732 559
533 682
259 300
649 665
773 761
954 448
912 84
822 715
153 80
581 112
430 932
470 721
549 402
589 677
77 401
793 96
577 969
743 651
854 843
174 425
512 520
106 419
236 802
76 719
383 989
223 776
926 343
837 312
230 176
513 146
460 461
57 270
845 797
902 492
599 850
105 250
488 142
803 377
119 892
163 918
756 319
302 472
263 435
786 732
437 76
955 515
626 878
552 853
475 678
919 841
471 85
708 856
80 611
863 764
241 165
919 702
223 349
985 189
63 484
470 985
522 791
930 528
271 280
281 740
316 951
598 69
887 327
138 751
71 63
283 509
98 251
136 388
598 180
801 406
307 93
481 366
662 593
935 348
136 275
924 468
108 87
622 656
222 219
763 368
890 97
601 498
361 629
761 329
406 125
672 412
640 32
738 156
408 593
27 761
339 59
340 352
412 821
552 72
127 86
280 651
79 5
799 284
102 930
476 23
719 85
997 659
11 954
603 548
530 851
96 34
375 688
410 564
231 684
183 265
997 885
875 601
180 561
290 49
474 274
664 894
774 263
483 576
40 101
622 461
949 867
897 200
627 121
439 577
388 981
229 218
450 186
604 863
987 65
94 757
366 126
385 525
315 972
651 822
212 864
229 782
146 306
717 41
759 658
209 338
471 269
164 850
56 187
630 741
389 239
228 345
393 228
855 812
404 592
578 499
467 624
18 26
661 708
80 495
212 292
428 937
640 577
41 468
557 900
728 314
621 209
736 773
255 471
876 19
406 199
638 713
634 452
763 256
53 726
95 335
671 630
283 337
430 32
601 320
202 387
666 274
889 75
687 248
516 496
206 506
616 796
671 660
728 886
16 82
661 441
64 334
192 435
874 179
547 363
894 182
788 519
770 22
997 695
689 206
174 374
12 60
20 856
992 25
150 495
889 903
600 590
656 288
125 77
59 803
632 95
536 811
599 677
323 118
272 680
935 679
93 512
479 635
559 871
817 332
926 62
910 931
535 176
82 674
547 820
930 148
164 912
710 997
337 509
216 639
273 520
282 278
368 650
997 301
564 320
547 530
125 610
143 71
570 977
293 342
463 730
289 471
787 80
868 173
164 716
375 367
86 230
749 94
687 989
36 543
103 233
860 793
730 207
43 721
174 645
467 509
947 903
531 196
326 320
553 284
830 880
83 717
100 533
395 761
322 571
606 283
457 256
368 165
294 701
652 551
726 656
766 989
209 593
252 815
475 600
511 34
331 440
394 545
64 29
187 178
174 982
156 549
965 841
110 976
663 22
461 602
44 582
45 795
981 447
343 602
325 59
376 509
853 629
966 316
785 331
145 606
701 673
297 683
999 444
270 930
884 972
281 223
390 267
326 697
516 665
940 957
67 315
619 262
323 965
729 842
346 366
491 651
148 152
774 316
812 135
188 681
233 976
963 521
487 991
346 273
20 82
209 709
94 802
95 527
647 484
775 307
1000 157
855 1
548 639
953 9
916 507
261 202
464 458
872 471
765 372
106 662
588 275
203 887
39 453
42 443
321 224
450 900
241 9
119 40
496 217
540 844
227 91
579 782
566 536
6 180
401 106
257 670
892 528
459 956
44 998
902 766
943 486
636 852
305 534
861 569
183 557
886 148
813 519
583 76
985 197
415 750
94 43
213 774
403 962
834 518
724 358
652 459
563 32
781 169
92 536
757 926
799 517
619 982
490 335
805 180
952 728
35 313
793 837
339 813
211 472
124 911
235 302
738 475
743 78
250 673
842 365
718 312
331 992
372 252
45 178
708 374
67 646
619 341
712 881
586 918
608 930
366 918
112 785
171 740
85 886
855 342
983 797
894 424
354 668
72 462
474 430
113 550
152 422
635 697
524 390
513 947
396 785
825 897
475 776
955 514
774 58
480 994
122 719
907 359
623 113
717 4
845 463
95 752
977 223
674 217
590 349
630 670
372 854
104 236
964 626
363 585
255 214
436 171
972 37
617 402
284 103
530 267
269 501
868 357
193 590
528 872
14 59
459 856
937 750
977 667
100 606
249 380
467 437
196 797
394 965
147 519
665 671
465 820
400 153
148 847
151 68
246 194
374 311
156 766
620 59
182 634
476 323
683 759
835 944
290 691
560 280
481 172
562 79
174 121
310 566
268 198
325 499
309 926
258 428
392 578
46 439
358 69
250 594
968 281
110 746
440 978
771 886
280 827
826 394
943 540
811 722
334 29
392 804
374 866
188 738
543 56
822 728
451 80
548 322
626 606
402 532
854 566
450 264
198 938
234 499
259 818
243 323
671 277
489 711
592 880
369 297
793 447
669 276
835 20
853 964
357 344
752 886
384 708
556 874
812 764
857 413
677 650
234 804
852 314
863 723
76 7
434 594
721 318
597 483
533 966
446 401
29 151
146 469
633 135
517 226
140 846
742 679
549 721
26 574
726 939
52 846
776 2
62 291
196 881
288 364
599 581
807 639
961 139
139 723
526 29
452 554
325 804
570 518
456 557
173 312
41 245
376 260
13 71
52 531
217 101
799 984
773 605
23 146
62 748
657 444
893 771
40 458
5 884
282 395
304 335
529 890
433 45
417 672
456 410
225 195
27 629
980 341
908 474
362 108
110 646
382 107
348 15
81 908
889 789
284 807
582 272
162 327
897 920
814 839
763 941
401 918
897 9
602 368
70 826
897 186
366 825
883 81
846 71
877 595
396 842
399 165
33 752
940 143
462 501
547 823
683 439
579 102
301 724
470 53
588 488
716 309
110 28
20 268
186 628
336 169
195 766
787 482
146 422
440 247
963 279
834 987
708 544
433 850
485 617
772 261
464 668
624 698
108 363
808 561
616 302
190 769
763 193
919 317
398 850
147 718
796 161
688 794
501 115
725 60
477 845
592 454
101 976
231 333
982 527
588 815
221 343
594 723
667 37
211 225
788 855
127 29
199 640
780 467
856 153
508 660
883 576
629 108
600 158
656 208
658 514
400 798
828 438
408 313
154 805
197 129
839 726
163 49
497 751
785 542
500 590
537 397
573 599
208 501
896 891
550 873
419 505
667 655
617 1000
673 974
30 221
343 14
823 768
811 824
59 703
48 428
8 560
234 459
6 495
976 776
298 812
1000 158
48 315
780 708
941 704
90 138
442 104
546 954
555 332
479 892
342 44
54 400
901 505
61 652
508 817
345 233
787 510
459 81
398 325
942 862
265 488
955 165
268 953
90 351
329 66
826 213
189 153
120 788
106 696
378 69
243 430
682 413
866 238
792 757
406 373
902 654
778 904
139 650
49 180
855 682
39 921
687 93
575 904
118 813
374 347
302 36
378 662
969 297
515 981
74 143
917 585
850 476
614 525
939 949
853 679
749 534
879 923
457 238
75 555
80 899
675 360
454 259
951 495
580 427
136 772
236 909
220 10
239 286
556 428
519 312
478 854
102 34
214 744
548 216
236 796
590 887
917 13
77 352
884 80
977 274
577 888
618 4
451 119
162 510
275 843
439 974
83 857
850 947
58 697
979 685
889 142
298 881
264 545
531 613
548 525
487 851
237 892
353 771
909 841
833 669
246 728
216 649
547 719
812 494
683 183
949 466
833 526
998 564
527 262
582 951
454 534
960 951
173 950
745 484
366 301
886 932
835 486
861 427
346 729
755 423
386 560
994 349
653 590
502 44
570 744
645 250
169 49
813 776
212 674
725 76
89 490
696 190
802 926
536 679
683 968
598 293
32 838
987 938
948 476
554 823
425 889
856 51
748 1
913 988
827 626
793 518
580 858
147 825
178 498
564 991
75 582
39 767
6 708
600 167
468 415
658 571
456 383
827 848
330 408
480 101
172 363
245 299
118 555
600 342
214 810
93 999
790 55
168 450
50 922
730 616
771 902
391 937
874 127
162 403
239 163
538 822
650 684
387 798
601 153
944 65
48 22
341 767
802 867
935 701
120 392
674 425
638 974
879 480
376 609
33 384
705 912
237 864
691 839
998 577
357 327
566 133
932 855
831 35
962 142
393 153
69 968
160 892
414 688
365 222
531 268
701 388
173 811
48 944
602 507
894 867
623 419
283 132
284 251
326 346
203 493
98 157
406 322
486 540
503 406
469 290
844 370
351 834
282 839
374 481
654 215
69 413
197 360
535 336
351 979
580 815
887 701
871 280
44 806
838 483
288 587
740 897
930 524
525 235
545 661
291 205
628 674
230 450
297 204
658 543
219 639
990 472
314 793
41 551
940 693
173 34
391 239
965 6
842 339
970 876
154 881
650 663
598 892
771 497
651 136
263 70
987 272
327 787
823 910
701 80
287 563
525 512
985 887
133 894
215 190
660 281
724 155
682 689
590 990
281 396
798 235
363 980
266 715
812 451
775 994
51 659
52 376
739 542
564 467
285 206
552 815
220 933
773 329
708 914
802 331
270 205
816 627
670 338
397 758
659 31
240 293
938 42
646 491
891 6
13 934
899 925
645 161
423 567
192 823
679 852
235 913
17 907
144 938
327 155
900 647
5 159
856 461
895 852
76 192
574 379
170 613
134 968
763 302
455 979
257 623
700 309
773 559
226 332
676 318
115 636
499 733
449 7
446 808
305 948
788 967
606 970
847 420
905 857
84 816
639 6
875 12
22 506
499 507
103 197
253 824
895 377
387 952
63 555
689 232
708 900
11 964
26 817
90 599
876 602
55 407
884 125
63 952
889 929
746 122
195 240
712 934
237 629
901 548
918 898
759 784
285 287
837 722
577 666
555 417
385 425
370 169
902 406
261 278
579 295
263 328
161 354
954 833
205 249
632 347
315 921
119 407
818 164
447 140
595 416
954 816
316 729
462 587
284 383
431 760
418 501
627 337
366 423
556 819
484 790
910 334
930 408
146 395
720 44
846 540
725 341
872 247
636 112
956 576
234 908
863 443
43 686
264 209
709 51
237 364
840 318
761 530
542 551
62 361
437 731
89 192
862 240
754 425
136 378
143 295
930 860
615 633
173 422
340 105
487 202
566 939
700 473
1000 791
709 249
71 408
705 486
651 326
283 761
155 509
555 944
975 119
991 848
966 286
970 853
76 996
757 427
638 358
396 719
951 31
900 847
25 19
907 221
693 708
175 861
381 120
646 698
940 931
604 80
128 179
954 3
812 101
794 744
618 404
655 553
219 99
488 770
675 54
651 215
690 920
584 107
660 64
536 462
770 286
347 372
332 224
425 386
137 22
463 918
32 300
195 296
124 130
364 657
113 919
688 487
941 971
583 750
237 46
865 781
77 645
316 963
743 996
502 946
506 433
695 877
130 923
792 564
207 667
27 257
835 630
817 935
857 210
10 751
74 748
956 642
630 297
61 994
908 541
801 427
101 229
74 383
107 953
648 34
245 246
669 660
66 971
69 440
677 185
183 672
240 986
887 543
264 442
249 92
601 503
93 614
343 830
677 10
805 197
304 470
303 744
253 557
351 316
671 701
430 229
287 164
328 299
291 161
277 548
741 953
870 791
836 899
766 324
408 370
245 731
672 979
323 865
538 900
225 391
723 384
488 975
163 584
715 868
699 123
422 966
538 823
851 292
51 920
748 318
313 59
141 786
595 811
445 656
313 929
229 41
474 384
522 242
746 340
258 179
510 685
918 660
104 976
119 351
46 791
87 189
751 906
879 193
171 8
20 730
480 895
193 61
574 720
843 656
437 335
742 714
624 513
87 387
105 284
421 219
494 387
665 917
460 311
248 789
29 262
13 897
360 995
82 574
300 674
669 854
636 815
32 133
312 162
812 834
706 477
285 734
587 66
365 400
577 256
40 174
182 38
213 925
397 230
936 104
75 916
835 206
994 162
596 210
49 305
981 408
148 579
477 137
188 860
761 6
64 466
83 110
253 930
538 176
713 686
934 689
227 783
304 208
860 523
987 629
679 65
497 705
405 749
975 476
458 583
263 48
357 853
340 613
215 347
422 915
336 720
278 663
390 445
121 626
909 591
291 264
849 278
522 436
278 518
979 759
466 990
613 197
785 850
806 836
78 243
779 188
484 142
603 336
660 137
20 40
39 252
766 492
118 414
428 437
447 107
622 351
329 980
463 379
405 611
941 625
1000 51
963 969
46 879
333 705
507 149
899 766
494 300
940 69
627 580
125 720
787 85
130 976
938 43
846 688
777 111
820 11
18 252
455 464
517 85
151 827
99 122
9 838
48 812
657 850
79 139
790 799
557 997
526 76
801 595
623 676
292 322
268 475
217 389
36 847
917 962
205 880
847 641
729 706
779 929
780 382
689 230
750 702
161 640
719 379
260 518
362 172
272 188
933 313
438 841
611 979
704 95
979 87
301 63
656 210
254 481
736 352
883 499
519 577
645 774
945 919
414 369
288 933
509 173
382 389
275 973
665 213
311 745
444 568
287 914
770 360
112 744
736 898
558 507
120 227
505 943
491 652
612 576
318 719
245 949
323 87
430 729
215 93
926 25
217 617
569 764
732 344
441 113
423 1
997 108
781 943
566 211
21 742
800 115
1000 47
319 961
53 181
441 851
155 717
195 732
587 718
716 426
752 156
366 279
501 500
561 723
925 402
138 612
416 910
292 311
556 594
260 23
902 610
621 192
672 191
946 562
13 969
269 235
736 994
570 722
700 517
282 922
87 681
532 522
662 585
866 236
192 899
283 508
620 323
70 932
456 536
537 785
644 979
5 936
580 864
997 326
585 910
732 555
239 725
554 627
263 359
689 984
395 853
987 671
642 462
685 300
577 675
844 731
121 351
427 44
909 804
148 490
629 513
504 448
31 95
509 177
31 493
465 427
764 713
528 151
233 151
719 452
788 681
936 636
96 137
404 178
977 272
150 426
634 633
530 928
12 399
72 98
915 539
863 121
233 945
140 555
937 819
811 806
918 542
392 504
543 359
466 569
158 131
507 303
234 557
458 889
994 791
24 227
855 38
808 975
57 93
502 657
854 378
503 72
267 662
803 552
506 715
545 97
837 777
865 780
419 928
920 763
423 920
624 629
199 113
626 479
261 211
242 468
939 326
502 34
247 494
331 150
443 560
673 243
959 536
252 908
679 393
238 715
870 712
283 472
843 128
883 879
754 605
369 569
246 193
451 763
127 70
230 341
605 311
957 378
615 834
702 287
267 302
282 293
68 278
839 523
128 963
185 534
130 145
315 407
447 690
84 728
555 701
937 86
44 190
693 551
971 909
418 7
298 561
776 993
727 328
983 802
881 920
668 452
333 105
9 435
872 741
708 11
141 866
237 973
536 444
634 895
567 321
186 748
993 724
416 377
803 631
881 331
919 873
612 461
635 932
837 860
380 281
15 784
750 198
623 316
806 372
238 794
324 811
592 599
129 941
714 543
530 690
53 399
701 499
62 343
138 655
115 828
424 464
920 562
853 25
765 893
605 712
498 994
296 170
888 964
305 684
827 547
899 238
519 319
166 467
279 144
871 282
714 211
342 752
240 854
4 409
797 953
908 247
196 673
639 159
970 904
745 648
124 835
286 438
989 109
844 433
524 950
232 740
799 252
803 249
326 966
42 877
168 416
991 816
480 498
581 52
150 508
56 705
241 763
439 786
962 701
874 81
607 881
798 350
157 334
214 385
875 569
215 184
91 502
497 947
821 264
604 136
276 147
6 12
742 826
467 980
618 380
199 501
515 470
208 589
59 626
470 946
551 241
90 471
199 283
346 893
368 788
276 608
43 823
83 770
395 305
427 404
726 232
892 192
895 739
380 428
327 119
754 161
592 12
630 628
21 788
943 345
873 757
309 347
471 948
438 731
900 108
667 363
446 658
507 896
625 37
772 38
539 341
354 21
784 604
554 2
613 899
31 550
126 608
553 34
239 835
370 942
611 244
653 860
408 751
26 162
675 531
344 769
607 256
97 223
414 563
628 193
666 485
957 691
679 917
991 903
465 317
525 495
859 621
586 239
219 970
64 880
954 267
478 889
504 276
140 802
182 109
989 275
603 389
442 546
314 140
776 286
180 757
865 276
671 345
86 747
439 377
887 113
642 625
147 341
906 42
113 908
391 550
68 551
252 421
768 8
116 724
561 577
268 805
668 293
108 676
364 830
928 187
294 96
422 181
653 551
618 788
711 804
74 758
769 830
866 378
369 818
558 668
868 476
27 212
819 176
359 731
288 312
203 405
715 67
791 814
134 795
87 793
805 94
499 925
540 157
597 988
320 120
619 892
505 44
602 578
515 841
992 554
960 8
636 677
822 930
243 614
438 955
809 309
224 371
106 891
322 940
803 151
70 214
953 802
861 249
383 277
221 90
705 405
338 150
658 613
168 489
900 954
794 421
801 996
818 287
747 143
415 191
891 945
405 117
906 650
457 606
667 767
462 489
85 882
929 468
488 868
819 808
287 774
827 501
276 117
376 37
393 823
712 83
231 613
950 509
37 956
498 20
371 862
101 73
263 430
141 433
806 540
866 767
188 525
802 431
198 876
226 637
601 543
730 957
848 64
167 176
617 261
454 932
290 605
184 200
627 732
350 853
155 345
119 8
513 627
473 174
666 839
942 1000
653 587
640 634
575 378
83 536
853 4
981 63
696 321
109 788
282 878
486 710
801 538
72 662
311 489
209 983
801 346
979 949
270 21
631 721
943 853
732 520
327 28
878 890
703 314
793 692
505 298
141 632
888 357
985 263
818 176
396 286
456 497
440 982
872 953
64 662
733 180
111 768
828 744
386 439
283 820
306 766
970 553
488 802
846 508
809 851
82 409
674 309
662 466
738 844
228 770
419 515
81 96
547 799
971 635
368 532
185 66
350 644
169 23
133 930
760 714
85 473
301 748
164 968
578 237
206 539
82 390
280 662
218 173
463 717
778 267
558 764
460 559
950 517
40 596
137 605
649 62
963 666
202 786
621 426
934 9
203 17
774 276
463 995
47 224
748 819
105 823
972 299
355 315
999 578
964 903
326 488
497 901
633 646
744 553
84 618
641 777
307 301
809 83
629 370
305 828
857 895
913 957
537 633
173 381
174 46
984 374
596 67
121 165
880 918
77 119
975 41
115 444
942 162
980 337
451 389
469 980
861 82
646 614
991 819
206 153
120 90
118 923
784 219
607 739
986 722
776 783
376 819
488 813
451 163
219 143
349 512
303 895
650 335
513 221
56 544
932 513
661 77
868 647
544 821
427 971
10 113
696 624
289 942
146 625
163 597
464 84
1000 166
375 806
933 734
660 122
590 255
518 104
479 772
116 578
669 101
217 666
262 858
683 73
367 544
117 957
739 352
913 460
215 620
881 80
57 886
427 252
914 46
255 656
238 934
574 28
922 549
722 787
778 513
49 919
861 720
810 382
888 882
886 141
27 120
709 908
450 609
617 153
70 130
863 247
886 60
500 495
194 250
389 642
356 843
567 659
514 541
408 592
952 594
511 41
61 266
120 698
541 512
823 442
736 516
537 597
260 276
726 631
620 142
992 877
993 4
706 995
432 308
840 433
32 734
417 576
549 279
755 574
40 313
909 911
344 719
515 296
644 469
3 476
262 315
907 178
935 608
885 417
998 192
685 277
187 682
577 769
941 288
814 726
266 104
160 763
200 236
845 196
756 289
831 305
738 999
160 985
808 981
385 584
650 212
127 782
15 506
674 889
904 343
775 460
925 511
873 950
341 232
12 952
604 546
351 451
866 682
742 656
493 878
117 514
46 172
639 653
964 825
514 812
240 169
970 442
350 152
597 249
250 20
782 37
35 736
348 617
554 204
277 675
994 407
761 384
212 456
213 881
497 671
75 880
459 657
903 832
942 286
9 578
374 300
356 879
896 946
342 718
774 951
188 32
745 805
749 641
953 944
770 774
222 771
774 98
467 557
444 265
887 535
581 344
486 916
788 998
606 933
609 135
992 777
990 260
115 970
754 314
465 655
232 686
174 209
340 697
269 707
225 271
266 859
429 509
547 294
694 395
288 963
914 779
612 768
41 653
79 333
46 382
709 198
784 291
324 100
733 192
334 181
135 444
673 637
530 926
124 729
250 908
396 552
681 974
650 263
135 461
358 670
682 628
521 562
847 933
689 324
894 655
440 486
497 203
671 773
262 867
212 842
604 992
199 444
460 40
206 572
212 953
216 572
821 97
934 256
111 385
955 743
797 24
70 715
90 396
369 243
367 600
190 995
655 31
198 414
221 983
8 102
302 392
394 895
271 407
94 238
773 817
761 563
173 741
230 926
786 444
71 202
365 425
226 17
523 871
84 183
50 451
720 99
610 139
669 514
98 24
120 754
887 586
752 918
304 457
288 658
734 203
936 30
311 142
798 413
681 366
279 477
469 831
236 606
775 797
867 708
766 474
15 856
697 900
219 821
36 325
534 460
607 654
347 149
335 971
598 967
638 16
110 457
435 993
521 844
868 541
767 222
957 828
265 973
712 993
604 55
676 644
128 146
661 40
112 897
793 352
712 216
7 234
142 543
842 767
937 813
848 368
370 236
299 40
484 100
271 902
221 222
42 346
479 803
634 82
1000 218
104 47
121 919
364 609
995 449
522 979
924 963
907 535
712 445
416 234
310 714
800 832
325 747
401 267
644 337
402 100
104 348
403 690
777 449
706 425
299 517
213 215
306 981
754 413
633 532
62 292
946 331
213 184
805 388
844 366
763 262
446 982
343 604
434 6
313 220
204 668
390 997
796 888
892 721
89 740
252 880
46 13
124 141
317 972
415 451
75 614
956 229
226 390
600 135
653 131
953 857
827 880
79 231
154 202
102 140
880 998
636 507
6 966
98 575
825 121
578 358
326 599
771 998
149 70
6 849
427 812
484 427
727 505
25 889
500 669
910 826
432 853
348 473
984 731
725 889
172 143
929 268
487 774
626 974
295 83
389 410
326 754
160 958
802 101
43 811
556 948
686 723
128 267
510 863
759 332
281 803
243 645
802 327
212 80
271 184
807 986
111 667
891 391
513 401
964 695
911 72
473 116
990 691
497 334
924 197
933 910
194 294
181 681
550 139
322 219
511 869
427 680
523 705
143 656
868 393
653 739
321 858
486 572
643 277
222 10
539 196
79 647
528 595
778 701
454 425
183 741
404 758
126 124
154 413
302 13
343 995
842 14
770 803
154 12
247 659
286 513
69 159
328 279
734 131
383 371
258 510
478 605
421 822
139 289
340 678
915 508
491 978
607 544
40 314
404 955
478 748
67 515
380 586
14 850
879 608
291 459
223 908
168 414
921 64
336 544
998 118
429 297
200 15
272 492
112 747
779 511
661 779
12 486
879 326
360 324
250 984
931 281
845 195
885 706
651 918
765 44
638 778
470 136
897 266
937 869
868 779
299 112
906 40
910 892
328 512
692 183
591 513
596 925
433 919
214 252
640 451
717 235
133 10
669 72
561 583
219 245
718 947
441 705
61 760
780 818
62 51
947 715
564 794
573 746
168 74
14 33
880 309
41 389
792 587
504 553
356 522
527 237
515 685
16 516
278 325
354 55
118 4
283 497
30 862
839 220
507 543
914 309
682 685
478 140
946 226
17 190
201 809
364 275
874 576
66 645
306 148
404 130
413 136
867 461
17 871
288 142
529 180
287 204
490 472
953 800
240 751
3 285
499 298
625 352
344 573
474 628
771 768
546 512
693 863
620 913
694 392
606 708
244 397
45 172
874 4
175 857
270 819
474 115
116 820
986 256
44 997
379 543
492 790
219 246
115 9
210 271
284 522
216 880
620 710
968 191
733 993
912 366
850 831
338 396
731 192
60 917
879 56
498 101
892 532
416 336
904 485
494 376
761 871
464 315
553 531
42 40
133 255
373 538
948 20
952 207
316 846
284 266
28 122
714 585
902 732
554 613
584 777
307 418
74 379
572 494
499 970
70 903
142 272
36 819
684 673
666 662
667 115
120 644
248 441
13 93
568 748
640 777
680 998
311 280
758 163
533 526
706 518
763 603
509 415
311 137
116 359
353 115
634 484
563 800
331 676
597 577
766 328
272 278
828 379
685 158
586 805
128 885
314 96
426 614
390 469
194 714
413 876
106 398
105 599
546 262
343 92
241 574
377 617
775 83
966 561
849 200
333 503
225 726
483 470
893 433
855 86
130 162
290 298
521 446
843 519
327 366
989 797
830 259
722 632
6 321
155 537
392 245
214 36
551 95
990 581
833 414
262 622
35 972
161 281
881 426
937 488
331 73
443 822
868 176
743 772
203 184
249 448
472 797
825 355
886 820
248 648
964 882
677 359
956 674
593 536
722 956
636 922
340 207
143 556
58 888
192 974
588 16
92 559
454 66
735 983
370 905
22 774
540 199
11 531
748 98
487 14
883 765
899 96
314 704
539 25
667 204
21 845
653 49
800 491
375 373
782 687
206 221
552 156
917 652
554 566
115 532
335 27
102 306
448 949
927 295
305 28
399 894
720 957
148 574
365 976
956 341
407 559
174 270
984 662
659 938
738 413
390 294
638 162
921 20
758 587
140 829
603 694
106 482
159 380
876 642
471 190
152 198
832 632
520 415
609 650
495 421
816 44
615 436
841 591
593 158
815 875
542 209
652 644
484 25
871 671
655 914
327 701
453 770
760 744
209 294
356 211
690 815
584 310
379 146
713 662
218 28
169 944
775 490
263 662
378 486
416 247
865 984
989 914
868 197
852 706
122 995
416 102
454 994
740 415
635 163
798 571
930 595
218 417
535 572
627 519
278 463
902 533
29 407
273 77
57 327
94 167
23 377
812 802
562 717
134 818
526 80
583 97
531 314
680 640
74 435
239 991
442 703
61 151
597 965
193 263
175 147
476 402
993 312
645 479
494 991
387 483
67 855
156 572
801 689
167 112
442 401
245 460
11 652
374 736
92 337
473 721
710 921
453 128
607 547
524 85
616 910
840 258
641 727
897 845
202 531
172 447
923 529
858 682
343 294
737 255
242 695
559 546
673 599
394 80
747 450
215 232
966 608
951 212
242 774
43 315
794 657
691 114
654 957
721 956
64 877
341 547
16 640
271 840
238 405
432 956
560 461
392 431
66 282
447 139
730 821
531 700
808 983
702 462
8 671
212 935
769 736
596 781
122 916
428 699
345 243
823 858
95 955
668 257
828 826
376 708
490 867
548 939
934 452
437 564
441 561
596 739
132 392
139 819
140 456
892 453
201 718
364 110
267 915
478 226
227 318
800 198
532 645
511 126
244 603
134 937
505 49
396 128
397 217
936 405
775 407
761 224
763 446
785 176
438 958
75 592
866 957
614 519
410 151
582 33
140 12
378 515
236 741
228 725
927 511
917 309
538 58
685 185
707 641
390 351
943 513
984 590
737 170
442 6
371 148
228 523
266 808
104 247
729 830
967 906
146 770
537 115
441 326
742 20
2 657
149 238
778 222
465 73
90 439
684 36
355 614
779 248
85 593
546 197
141 971
399 155
738 905
248 958
650 103
959 230
86 869
734 817
437 453
20 339
321 340
983 350
824 317
146 345
700 848
772 677
134 446
392 169
513 711
18 159
659 26
425 167
578 487
591 997
891 84
982 397
160 52
894 841
551 408
407 128
772 475
424 361
976 310
306 597
56 372
350 122
830 160
688 841
156 983
507 589
109 785
681 144
448 29
911 726
790 397
517 331
265 970
710 180
439 326
830 621
615 745
118 771
636 708
982 952
913 871
951 299
370 836
187 390
206 486
84 774
233 452
585 162
1 478
572 19
10 516
415 15
272 279
572 898
63 537
15 858
72 164
962 853
893 971
811 600
298 573
729 907
219 213
538 675
741 376
637 439
911 434
921 830
440 277
759 580
975 571
615 480
871 634
285 115
858 311
859 18
552 938
807 210
699 973
186 744
564 453
472 533
612 598
833 492
797 73
835 170
143 107
200 659
740 21
783 59
721 796
790 877
659 118
806 251
900 116
259 260
882 938
449 182
200 960
331 182
919 297
208 571
208 334
883 990
593 936
577 35
155 245
601 421
140 359
420 247
839 820
550 297
294 619
211 187
303 651
72 915
415 461
735 756
900 607
121 170
340 652
842 202
400 809
113 711
3 340
386 372
741 984
867 661
997 558
529 780
876 477
864 509
771 859
974 886
166 915
763 448
651 305
323 832
732 188
950 239
953 569
249 552
876 643
695 89
45 454
516 828
612 937
966 893
850 994
654 934
806 889
111 7
497 951
464 184
51 872
767 712
882 290
276 159
586 762
636 277
928 582
68 857
356 394
440 416
994 987
777 807
996 189
18 453
43 922
370 65
800 767
764 32
674 792
949 402
329 825
360 82
590 412
868 198
463 674
119 92
553 618
237 497
114 380
423 604
544 355
619 729
85 77
401 134
661 736
208 648
946 410
731 88
515 371
164 419
807 651
758 351
703 458
371 456
411 218
655 375
786 386
387 566
329 22
863 240
207 380
175 146
857 815
677 124
257 609
849 911
683 679
687 55
395 991
644 794
866 918
26 209
390 598
338 287
948 688
608 705
933 292
317 607
487 275
163 425
455 242
934 726
706 785
876 449
704 370
599 611
67 658
49 131
824 887
508 480
572 825
79 283
376 850
140 685
626 526
418 75
185 812
738 640
498 413
634 977
985 853
505 803
366 220
615 475
512 498
769 453
988 719
519 581
690 408
354 687
733 59
623 45
475 853
228 59
177 995
536 150
96 669
46 489
997 329
492 338
659 208
668 258
686 975
817 812
768 424
694 579
721 392
299 574
504 700
502 987
229 689
288 205
472 154
843 957
667 331
433 593
87 676
291 591
165 106
386 841
207 419
1000 639
434 125
184 173
451 293
541 624
528 689
292 498
611 788
403 827
636 214
814 347
163 249
783 676
698 752
662 799
40 506
386 26
426 991
836 518
35 289
879 928
59 167
386 141
219 957
974 831
581 103
766 445
353 358
699 484
59 901
131 624
119 781
870 79
949 628
56 765
571 46
42 944
632 48
188 726
926 348
214 594
585 350
676 867
660 360
128 696
295 311
777 524
497 872
63 811
745 128
138 126
659 560
767 563
552 544
989 533
457 700
849 226
962 387
360 49
582 652
755 200
276 855
295 381
760 690
778 49
462 574
411 568
546 533
157 84
954 734
369 406
813 128
575 162
372 336
214 30
87 260
237 151
475 558
388 175
769 7
854 494
454 219
592 57
683 146
373 536
22 687
908 644
156 929
194 364
765 995
895 564
933 215
922 536
977 659
83 540
7 131
355 400
451 849
418 165
677 163
438 633
293 170
933 410
292 22
287 659
169 357
173 277
672 668
876 212
678 422
2 159
40 470
439 502
174 129
361 670
412 782
168 314
225 191
374 600
328 160
38 560
331 823
206 129
119 864
17 829
179 218
793 75
559 628
763 921
879 267
358 620
867 935
431 890
12 424
361 218
345 765
945 412
461 47
100 369
854 41
428 312
821 319
586 660
493 350
590 116
708 135
985 574
186 725
155 618
446 191
588 508
682 905
460 79
445 616
797 72
981 667
104 161
535 820
156 509
811 984
406 904
227 189
134 411
169 350
925 420
947 660
97 665
152 582
711 292
680 178
159 909
22 587
498 587
398 894
806 75
461 291
946 326
976 122
374 762
528 618
856 103
273 129
776 360
861 795
532 813
537 637
136 534
232 971
288 689
438 871
370 873
499 375
926 984
766 283
838 132
822 537
549 383
185 708
783 731
240 553
760 336
67 552
558 180
550 923
718 457
666 172
725 381
802 311
750 990
860 106
309 668
384 205
218 190
84 616
676 852
8 267
55 239
984 805
979 618
928 364
973 120
422 710
594 367
983 35
792 182
836 992
722 459
480 930
134 357
891 320
289 140
761 940
203 152
307 800
643 858
310 725
303 276
765 585
952 26
128 609
96 976
578 44
190 958
714 572
715 205
719 53
905 309
588 240
69 600
911 875
772 35
633 565
207 462
83 724
883 957
238 644
960 434
670 785
576 834
334 630
245 89
887 670
637 871
1000 802
767 484
900 145
827 947
595 335
745 734
248 354
525 8
213 556
732 972
533 525
5 848
980 258
68 452
486 127
767 218
126 214
754 979
738 460
387 528
601 174
562 158
230 112
547 270
179 658
789 341
263 18
339 472
590 867
24 324
557 42
558 509
873 493
780 783
53 551
405 830
655 500
7 158
233 991
133 275
167 649
96 449
345 614
565 705
505 29
897 271
503 428
556 4
635 517
46 802
693 173
342 437
381 401
401 438
916 371
461 426
965 492
68 604
218 353
971 357
256 590
722 721
617 445
502 937
892 225
105 721
469 16
180 165
398 20
346 717
117 526
472 155
456 800
950 880
48 457
297 16
463 935
191 628
69 572
325 962
734 294
934 164
630 375
190 692
374 433
968 138
296 103
49 657
287 427
438 525
495 724
991 691
641 801
429 838
467 111
782 762
896 805
382 894
112 334
314 646
995 517
348 767
573 288
779 673
785 84
213 689
475 470
813 386
816 426
444 619
891 764
733 171
370 403
123 598
278 742
7 476
104 635
381 113
898 307
756 371
6 796
615 280
647 29
885 562
542 781
700 478
909 738
992 312
741 467
46 975
997 138
616 693
697 198
988 579
147 229
116 646
65 956
892 39
391 537
842 868
316 619
320 622
119 150
302 690
592 58
369 247
958 25
583 884
986 846
659 92
897 444
256 729
42 166
652 819
327 203
38 442
900 33
499 862
9 640
572 489
351 854
210 614
407 64
728 215
231 316
527 883
919 229
286 674
415 346
188 192
151 460
455 986
461 537
334 729
889 38
600 175
253 919
509 269
348 909
314 781
153 137
136 857
339 178
606 788
558 91
407 629
340 584
949 550
456 69
984 754
24 265
283 824
840 171
751 479
201 407
224 848
25 865
637 452
431 773
747 396
894 461
641 63
392 523
154 694
263 376
489 317
756 357
388 991
866 746
159 584
238 83
630 977
42 326
632 410
501 543
985 686
772 756
548 879
885 985
692 291
360 204
42 120
812 644
119 122
449 106
682 168
118 310
579 800
194 478
61 812
751 742
561 406
672 253
894 201
982 286
910 43
592 324
612 199
322 557
655 285
839 16
992 649
260 779
65 373
377 75
383 101
865 494
79 860
758 130
196 687
328 511
239 523
349 647
499 374
12 9
784 50
720 944
420 294
495 994
585 170
589 658
449 895
488 899
769 172
503 488
920 304
427 800
210 176
357 175
163 890
92 140
984 806
536 367
497 949
975 616
85 678
54 355
630 898
815 884
802 97
472 580
551 798
940 279
964 413
968 984
116 766
593 469
446 43
583 542
360 808
622 64
952 428
256 611
33 703
424 517
542 257
411 769
284 49
717 552
808 683
554 435
248 824
670 485
138 730
967 157
218 428
632 882
338 729
748 780
290 864
449 628
818 862
856 469
412 691
92 927
482 843
889 508
118 990
255 211
862 457
387 373
679 620
412 960
198 295
644 683
629 115
97 66
116 346
207 13
852 470
31 211
487 269
147 288
956 372
578 518
281 52
76 458
693 839
414 376
783 913
509 166
419 130
685 227
689 224
660 152
211 292
249 601
784 316
572 827
167 753
673 596
67 293
15 525
626 524
608 15
921 386
77 196
43 316
6 192
82 346
729 961
972 631
111 37
560 113
444 900
980 822
485 240
252 221
504 835
42 655
738 992
668 719
850 742
872 434
217 739
474 242
772 573
630 793
332 244
540 561
959 41
856 966
708 879
803 565
783 580
693 78
911 59
402 25
648 833
264 74
559 265
363 500
109 8
8 79
448 278
545 184
328 565
806 797
982 841
131 152
304 708
503 598
565 471
839 216
74 466
681 202
19 559
406 509
183 709
19 668
301 392
701 904
978 527
687 213
675 565
653 118
323 623
842 177
663 445
20 618
532 238
563 889
983 576
675 275
580 412
357 773
824 934
452 47
222 689
461 807
957 930
561 505
64 575
998 22
215 280
290 177
879 753
201 506
185 989
846 490
349 722
722 76
36 493
103 455
427 328
55 352
225 605
160 540
290 551
604 223
918 529
445 757
871 595
967 656
953 194
657 590
226 631
209 355
968 271
673 188
712 390
623 176
232 704
144 701
844 18
389 332
335 221
596 991
345 752
833 208
688 765
583 772
109 893
296 294
98 142
540 985
875 458
748 852
435 157
843 40
240 67
649 887
191 760
140 382
123 670
363 143
571 674
722 885
773 734
65 281
411 309
378 832
16 323
519 851
957 258
649 593
616 668
36 29
738 147
921 369
387 333
158 520
892 936
508 725
441 258
953 832
292 246
349 483
315 63
302 390
619 13
802 551
90 757
287 61
35 172
366 606
43 748
797 992
615 89
177 387
229 941
302 86
719 975
228 554
979 882
673 675
751 478
54 122
257 388
333 145
405 772
79 477
928 863
86 587
401 817
574 210
806 675
85 626
747 685
363 880
290 294
698 411
590 229
538 576
461 271
464 509
119 343
157 54
366 500
226 539
681 979
488 258
470 406
199 300
290 520
240 419
312 48
976 503
149 205
479 204
669 12
872 168
808 688
346 787
754 180
147 990
691 949
781 547
359 571
821 866
145 821
8 7
715 176
532 602
751 598
700 708
619 755
832 500
545 977
50 273
348 558
520 49
808 268
594 741
482 791
600 110
728 35
89 751
278 99
316 402
46 255
84 950
66 713
79 651
348 995
995 604
135 831
690 50
256 924
127 833
699 320
920 9
867 662
727 662
4 693
646 600
387 583
998 79
410 492
125 847
254 175
594 184
477 468
685 15
797 629
908 306
361 43
949 938
567 111
716 875
220 378
37 796
99 891
978 170
742 211
319 358
157 327
68 934
909 728
349 145
509 852
863 869
383 879
279 928
319 247
785 987
660 145
73 985
294 435
295 78
261 330
372 579
746 432
60 943
73 938
259 937
134 347
599 13
341 877
108 552
556 832
557 537
741 204
548 812
773 193
284 50
51 297
865 845
994 683
662 777
333 987
288 565
653 572
88 802
752 505
695 941
19 308
703 358
9 846
621 25
434 197
877 175
532 638
19 421
493 678
648 19
5 666
451 922
2 432
373 97
598 378
175 159
400 219
255 77
183 928
944 920
762 115
657 5
107 74
24 983
370 824
64 391
641 521
913 812
842 154
766 758
757 45
45 929
373 308
249 894
453 140
758 568
766 23
698 799
400 566
90 462
171 757
334 163
426 861
73 667
555 523
133 689
944 2
564 747
837 729
505 800
2 568
775 151
176 363
775 749
307 755
253 371
860 285
829 842
946 998
584 455
436 900
310 917
405 655
322 288
220 898
459 250
730 30
705 742
759 303
742 571
839 767
844 871
950 596
312 1000
510 975
80 132
265 278
584 564
750 129
164 748
754 252
1000 324
179 489
442 76
778 559
430 282
625 250
734 292
112 19
902 644
320 192
265 577
929 570
202 236
204 594
467 521
389 736
66 623
396 188
697 951
662 675
700 466
719 438
500 376
339 954
766 631
509 502
975 201
10 669
541 879
67 964
28 582
837 232
729 503
141 289
880 837
510 311
541 768
94 296
838 194
880 980
845 606
314 998
391 46
53 455
609 123
976 674
465 419
747 277
72 27
935 514
607 801
280 968
244 313
798 606
363 710
257 296
817 304
608 155
607 967
422 701
459 855
635 690
472 654
190 312
372 699
637 241
450 221
177 947
329 916
219 280
83 954
276 961
971 835
337 693
213 362
893 472
894 915
739 942
647 739
997 362
85 288
234 355
159 773
972 88
467 608
964 756
179 340
323 50
701 487
829 274
655 394
913 129
331 142
23 332
459 804
762 870
265 748
341 345
948 311
218 532
883 966
452 169
80 541
264 468
283 464
433 451
126 592
967 394
809 120
225 461
107 18
453 34
779 178
734 205
705 473
84 348
568 975
805 814
755 591
844 772
462 131
597 588
840 463
49 127
234 181
987 401
804 249
348 173
773 400
716 832
58 118
578 865
271 861
341 645
859 840
396 970
327 950
216 756
944 1000
727 305
142 633
949 887
128 7
826 226
510 587
95 571
556 63
43 148
320 831
565 775
329 129
627 498
661 256
777 783
25 562
377 819
911 348
971 449
868 95
81 379
299 460
636 467
781 54
566 258
311 913
117 930
299 349
137 138
583 709
308 421
829 709
786 594
252 714
627 558
791 649
616 317
744 175
221 41
123 351
655 494
624 792
697 668
981 718
739 57
758 375
800 147
913 148
791 879
448 125
13 235
415 683
75 830
350 372
922 797
559 96
288 581
613 104
360 253
830 525
779 525
728 979
770 200
957 662
283 587
73 51
989 101
718 605
775 750
256 424
619 488
236 952
974 890
206 224
619 377
370 473
816 195
409 819
448 711
33 751
573 697
600 713
181 320
138 53
986 337
807 285
367 218
777 986
172 788
356 73
471 264
368 567
534 558
171 84
356 216
600 918
757 625
68 724
217 822
913 635
764 60
30 680
233 572
218 136
679 5
627 748
743 982
264 114
797 184
536 860
887 87
891 16
655 93
807 822
477 655
321 931
138 683
400 318
809 918
956 835
481 293
847 253
766 894
9 559
672 505
41 352
805 51
753 706
701 98
792 898
260 632
944 921
27 927
199 89
925 890
503 658
988 498
383 488
942 487
391 295
853 648
340 317
163 476
19 864
168 358
26 76
444 467
880 937
477 277
334 390
653 306
976 711
10 427
907 171
936 905
495 230
461 914
101 379
251 578
362 799
241 616
183 325
966 770
319 133
604 245
695 302
382 346
592 533
917 208
612 728
617 102
335 687
416 475
72 301
589 248
798 263
48 310
530 742
983 448
53 11
475 681
294 303
740 203
388 800
393 78
982 152
584 343
147 59
792 260
25 667
542 464
925 504
649 824
716 419
332 468
482 219
437 987
216 325
324 471
507 838
479 404
672 200
74 404
142 28
914 13
91 692
94 245
4 5
406 657
967 16
718 942
792 704
995 987
208 519
635 416
84 154
191 710
947 28
474 449
861 958
772 145
956 982
960 401
65 307
799 632
748 854
969 766
779 141
19 670
495 721
636 701
827 976
733 390
900 531
562 46
727 744
528 482
213 702
966 276
953 667
382 95
789 261
97 477
542 711
366 563
442 3
353 676
444 725
301 828
603 580
31 554
567 33
589 553
223 895
233 47
434 962
682 748
609 324
681 823
974 76
194 790
300 395
410 711
130 809
292 743
591 461
849 230
977 41
673 848
986 265
641 242
842 853
60 942
884 488
78 419
372 644
750 465
807 186
247 425
216 515
473 404
735 404
55 806
227 133
264 921
372 858
428 660
129 721
593 276
245 752
731 642
554 393
911 611
791 612
829 273
908 640
624 765
507 979
442 798
867 83
886 861
669 761
965 578
303 47
711 98
252 901
92 978
368 138
739 109
987 935
736 741
53 709
538 423
705 190
446 908
520 885
407 803
690 189
196 694
503 858
554 604
853 576
811 786
69 81
700 213
673 93
504 118
233 344
253 773
606 795
185 541
278 790
281 242
870 156
597 572
505 524
269 625
92 52
469 990
58 388
645 982
952 404
284 838
836 171
654 583
262 502
324 470
396 971
163 976
288 844
21 466
519 55
315 765
379 430
217 575
102 694
967 630
16 717
317 660
370 540
568 937
545 27
668 561
850 684
137 431
673 237
157 52
379 140
566 144
488 522
958 115
648 573
649 324
906 381
800 744
319 768
782 424
181 815
801 242
566 434
473 97
717 830
955 905
928 251
894 797
739 724
950 908
938 972
242 497
759 52
212 297
393 497
624 793
570 659
311 551
80 619
906 758
13 153
969 547
718 998
735 76
293 249
15 253
170 628
445 302
874 736
156 679
416 399
397 139
994 201
122 508
654 333
771 19
974 558
991 756
634 403
619 352
801 792
749 578
201 116
398 702
652 229
709 468
514 194
642 399
182 380
20 527
313 568
336 940
542 652
451 397
324 133
590 664
721 543
443 241
854 797
932 299
230 627
135 108
284 938
96 330
298 538
405 806
597 243
301 416
820 699
380 882
567 414
954 961
82 260
393 887
747 334
480 567
266 350
177 617
57 51
609 622
977 130
320 651
980 636
298 553
659 330
170 738
163 699
256 503
440 20
423 885
371 572
670 206
551 121
194 582
282 746
946 323
781 756
798 658
549 616
961 976
949 270
878 412
846 702
649 66
62 233
962 525
159 333
684 392
778 521
947 914
985 75
127 338
860 925
791 797
98 180
960 263
687 909
433 441
549 987
201 677
463 237
140 256
433 266
822 812
948 415
630 9
53 942
500 149
373 129
121 216
174 82
378 745
24 567
408 406
935 281
714 478
145 585
165 518
810 845
562 154
84 682
103 254
174 809
500 986
176 944
548 168
954 131
641 145
25 173
518 882
675 39
327 1000
850 963
922 468
873 98
548 398
324 670
536 334
422 738
8 935
869 246
450 324
638 781
91 90
43 223
834 766
262 895
48 311
986 508
143 136
881 697
474 241
259 903
258 828
781 822
52 214
260 507
133 115
670 298
677 872
772 350
440 159
846 619
208 843
173 983
985 389
848 891
702 106
523 661
912 728
621 106
291 741
328 478
209 704
545 814
710 416
925 773
786 80
312 695
577 125
482 251
819 40
108 97
93 467
700 381
79 864
808 899
335 266
338 474
356 791
748 17
487 255
14 757
628 975
844 572
277 397
347 443
637 775
429 834
981 501
675 566
608 627
398 711
420 411
663 73
611 872
727 890
12 125
642 452
550 709
885 250
281 100
474 639
680 190
534 73
735 600
849 537
443 200
567 179
434 525
505 717
866 520
480 435
44 204
779 387
345 891
940 918
964 28
638 492
317 277
987 194
509 794
223 540
975 557
290 562
769 292
842 850
683 346
559 305
293 575
705 599
968 531
777 60
772 675
542 461
618 607
919 573
425 169
304 224
203 108
646 430
170 383
814 956
929 762
882 698
114 528
423 752
734 516
636 909
877 373
938 779
706 383
202 515
322 628
876 51
757 848
294 758
499 576
340 400
33 636
679 737
629 278
260 561
525 251
231 30
465 435
442 339
25 297
500 205
376 467
193 739
929 879
412 779
860 27
916 107
59 198
280 665
373 918
35 81
331 810
492 908
651 267
702 44
746 903
158 809
314 107
30 900
745 325
148 192
528 237
975 454
641 386
400 624
348 350
133 614
234 341
551 528
185 879
917 166
388 564
299 147
500 560
525 609
68 988
552 513
228 154
543 333
472 620
894 723
287 515
517 930
693 620
455 716
225 856
134 370
67 173
626 132
225 969
82 978
928 286
656 781
933 515
868 40
887 353
291 258
51 462
825 251
21 774
763 67
217 107
520 470
459 994
153 287
795 844
354 148
795 242
209 767
639 589
549 853
662 281
810 131
973 861
703 476
212 409
714 999
869 821
411 357
50 415
692 786
749 287
628 912
610 167
424 248
763 399
691 90
309 803
865 339
524 842
637 975
526 264
589 940
329 14
628 694
719 281
705 443
706 916
124 853
340 650
657 312
966 450
664 748
183 44
719 142
610 156
788 533
715 991
220 87
17 216
956 451
542 540
335 774
853 837
539 75
231 881
306 520
617 878
817 156
731 247
709 134
214 556
219 134
315 683
957 856
281 495
923 808
348 922
784 498
803 430
362 642
566 277
747 695
465 910
428 281
205 782
845 168
97 141
918 732
831 149
669 346
56 866
