892 1606
239 355
388 846
431 39
808 454
5 195
874 843
502 152
566 849
627 187
459 160
666 8
714 867
125 741
1 756
387 483
619 735
117 733
256 645
216 221
51 200
752 646
831 421
672 561
808 775
368 270
221 228
832 572
424 69
614 643
194 313
838 59
55 402
13 665
34 171
593 630
689 837
888 884
251 99
221 306
422 38
18 668
578 59
511 174
79 481
432 341
194 305
184 501
884 240
545 89
379 504
531 337
96 521
558 47
710 337
117 530
343 242
1 130
184 723
719 715
502 399
527 554
60 466
641 338
806 633
559 560
121 540
57 746
846 4
575 5
151 375
545 82
747 577
738 586
400 231
85 560
158 851
198 314
91 284
438 483
60 737
701 877
45 340
659 552
16 614
75 702
599 265
767 310
788 115
461 810
110 619
149 706
206 571
797 545
822 555
399 782
394 528
36 219
22 873
78 303
407 216
447 353
225 242
639 70
847 405
188 790
233 363
216 429
437 850
120 51
484 73
287 235
306 632
111 170
423 222
885 863
512 542
825 439
242 717
649 692
748 294
347 497
370 361
445 836
416 385
783 411
132 581
650 589
223 6
504 473
882 159
646 90
316 620
469 731
419 884
611 459
466 435
267 245
491 441
390 253
527 48
56 345
73 463
266 281
639 236
287 283
360 392
555 149
242 136
461 490
631 463
801 117
272 255
307 301
464 289
621 285
717 778
226 871
540 242
198 74
812 356
283 712
429 361
303 78
503 813
703 724
82 213
174 840
330 74
576 878
755 887
102 519
655 482
308 622
805 305
99 287
711 508
626 20
318 693
301 110
600 870
179 251
817 475
508 453
291 441
699 20
214 531
152 874
232 302
451 76
383 302
577 623
344 758
239 495
392 888
525 141
410 858
767 112
370 477
398 843
509 529
133 592
333 707
748 742
871 464
479 611
822 642
422 705
618 376
765 503
567 250
329 530
373 180
750 388
91 338
456 288
22 482
885 186
482 265
799 238
757 773
118 284
762 109
168 545
377 263
674 160
770 217
480 738
183 630
38 351
758 697
206 827
450 802
272 709
823 696
644 326
149 409
703 285
448 271
361 565
379 306
489 662
440 633
96 235
206 431
405 624
731 438
550 19
333 825
445 788
674 810
693 126
586 715
427 51
67 517
175 155
230 884
728 3
866 424
861 654
332 195
85 858
123 373
72 75
426 462
337 748
233 389
572 421
591 493
702 239
444 16
85 700
749 763
491 602
555 865
591 39
80 281
45 756
62 722
393 396
770 710
503 430
380 801
548 758
398 501
205 394
631 359
761 508
357 95
293 807
535 215
439 162
388 525
524 575
617 107
566 609
93 827
519 884
442 117
315 481
376 678
753 578
225 41
293 863
701 168
723 135
797 735
449 625
513 8
19 116
726 692
417 12
384 891
354 234
196 598
695 454
401 91
575 774
213 705
217 792
810 661
653 201
604 198
471 473
165 425
476 479
874 243
322 212
788 124
438 519
739 157
572 144
552 92
351 865
889 253
517 329
645 878
703 795
770 868
881 100
439 741
617 660
597 859
347 330
541 313
13 267
678 681
443 254
773 838
500 734
603 359
876 313
699 767
829 676
577 545
484 74
386 116
78 795
892 379
398 297
741 740
774 697
81 534
253 709
306 551
402 685
313 868
800 338
254 138
112 687
580 286
632 69
208 599
687 348
121 704
587 85
429 77
714 848
220 675
580 825
856 716
505 469
12 663
289 715
291 389
295 245
872 385
110 679
466 869
531 750
326 355
594 105
832 542
584 175
270 700
821 564
501 573
485 185
474 394
257 253
739 666
556 60
133 232
637 764
504 488
189 534
423 531
877 212
456 218
113 804
649 320
257 658
311 579
657 195
321 747
303 368
214 480
126 27
436 858
340 416
396 82
470 201
162 246
719 356
484 522
552 748
375 526
346 304
762 411
654 531
59 71
108 195
222 640
103 850
859 144
864 197
769 569
93 542
738 296
849 375
798 235
30 113
840 488
877 594
17 665
329 671
829 267
223 63
316 56
507 792
167 172
5 682
430 345
165 635
693 98
512 521
516 347
856 117
881 520
594 367
741 492
727 73
675 616
660 6
758 576
85 206
250 859
694 813
788 373
838 246
648 486
58 332
834 614
83 700
824 101
319 436
673 320
59 276
528 678
23 636
51 197
328 275
23 379
412 690
627 189
274 687
458 80
777 9
331 435
595 584
248 499
121 107
156 574
30 590
776 403
281 641
267 280
469 359
441 144
303 437
530 100
201 682
821 854
397 854
487 814
710 205
22 364
33 72
612 304
850 52
883 593
831 785
162 664
834 627
250 224
676 558
331 417
494 549
444 375
451 565
35 306
436 41
203 878
861 19
167 57
613 824
137 887
85 255
17 812
110 692
294 558
670 448
566 172
684 575
129 559
576 198
741 154
673 170
175 83
126 679
842 137
810 350
577 121
589 721
130 790
293 181
245 711
252 671
329 225
439 811
448 209
529 611
3 580
278 606
372 365
545 803
174 213
285 665
113 111
275 232
683 618
210 524
708 165
790 804
405 555
437 506
848 447
712 564
609 778
795 585
544 770
527 438
805 75
237 46
222 552
647 434
634 869
806 514
781 210
591 625
10 331
712 310
506 874
750 273
698 361
275 827
277 841
302 500
608 764
607 486
629 90
188 784
770 54
833 765
461 148
35 505
35 12
369 317
150 463
604 398
218 42
845 511
223 864
315 182
534 239
630 339
250 167
310 510
55 740
628 218
442 629
647 623
407 636
139 575
630 125
9 357
89 74
98 309
86 563
329 785
386 366
458 781
722 679
687 445
319 56
359 465
44 260
523 439
252 124
806 94
402 272
630 841
776 29
445 430
124 166
464 872
525 474
639 890
677 537
831 702
563 712
202 391
664 725
847 798
576 333
639 151
592 333
211 419
171 135
816 752
661 61
513 545
38 563
838 84
356 804
605 800
628 489
426 160
364 494
407 247
674 694
879 393
149 871
345 50
54 812
49 775
592 29
512 580
585 50
377 165
450 766
269 154
860 584
738 182
151 751
25 687
13 322
235 336
408 881
513 72
34 534
571 139
772 280
431 264
425 838
331 867
274 299
188 850
101 170
800 175
322 575
509 853
812 625
472 383
515 312
480 399
726 401
552 307
419 691
513 378
509 552
459 866
867 564
890 521
118 750
45 396
363 520
845 538
649 93
427 84
779 574
770 215
849 377
653 799
394 60
98 597
464 290
641 723
481 606
532 405
811 227
338 285
303 681
890 539
391 186
801 621
216 59
53 715
370 166
870 653
186 205
237 481
372 226
254 305
718 341
630 459
301 875
823 319
715 670
770 274
152 847
605 227
435 288
402 597
557 662
248 825
134 617
837 16
178 66
823 221
883 827
111 138
283 222
532 110
224 379
350 154
834 223
780 506
124 713
378 764
199 356
285 832
445 495
211 523
485 104
103 553
489 365
680 888
628 248
867 234
723 113
761 786
338 810
875 164
470 246
754 334
538 284
189 598
706 598
508 698
719 345
533 210
368 679
777 366
508 19
428 352
553 503
221 854
630 539
155 773
416 577
3 99
668 138
796 790
146 774
192 215
284 117
195 290
755 624
669 641
283 458
212 476
784 463
808 742
854 664
798 757
468 760
664 4
665 186
445 576
593 115
304 867
506 137
830 499
297 613
543 554
341 595
239 116
173 400
414 784
408 148
176 523
615 236
348 374
442 777
774 382
667 336
359 139
342 65
273 17
667 820
101 592
564 725
732 387
400 43
74 94
789 821
852 628
342 59
658 477
144 32
678 24
700 109
277 849
645 717
595 805
690 486
29 130
79 157
767 148
312 341
171 551
817 839
505 466
566 17
156 615
54 99
826 309
421 10
237 135
283 470
106 232
571 366
511 4
7 889
817 888
802 67
839 842
552 337
2 229
776 793
854 279
752 318
435 561
164 491
78 592
658 698
242 531
611 211
850 799
796 871
526 392
759 210
319 774
583 565
629 61
227 370
70 539
1 350
275 350
464 682
134 374
391 459
763 610
368 37
422 445
704 116
226 95
686 377
555 21
613 348
769 80
176 780
871 532
485 169
433 488
508 30
630 47
598 882
399 531
11 43
892 861
41 399
316 212
50 264
31 309
850 300
498 95
377 854
105 327
489 672
436 620
291 419
607 274
615 210
769 220
721 142
443 22
25 695
544 54
106 164
12 98
226 107
457 854
75 739
545 41
298 142
404 749
665 880
871 257
278 125
560 436
873 819
546 123
485 445
648 108
10 582
7 632
200 253
57 340
370 181
635 822
245 318
766 410
788 536
851 248
592 128
564 105
696 748
758 148
446 64
328 277
5 853
62 453
184 861
585 262
822 736
396 152
605 1
720 378
466 340
523 777
274 123
261 94
23 67
552 11
407 469
370 32
201 631
865 371
575 130
638 408
400 810
551 288
80 254
405 828
857 576
451 479
875 538
22 833
632 245
795 67
799 198
567 273
122 875
531 704
186 333
649 269
631 613
374 758
776 165
845 433
224 235
361 267
124 230
90 703
509 183
62 135
543 257
504 297
624 720
307 220
823 74
255 201
445 118
802 268
613 259
278 564
486 427
643 673
102 667
658 350
234 547
55 563
750 275
6 726
157 858
493 56
457 559
885 567
559 192
247 73
886 21
764 452
567 714
658 751
885 286
891 638
367 891
777 672
170 875
373 821
370 678
319 885
170 509
677 190
846 133
424 44
351 374
662 230
683 344
320 834
853 147
417 790
716 859
54 475
563 354
799 397
190 26
372 857
436 344
308 449
628 221
406 594
486 513
825 330
99 45
69 216
640 12
183 832
811 622
372 817
211 504
34 761
98 465
338 13
732 656
315 835
61 332
500 348
356 54
856 189
605 836
149 729
172 27
205 315
118 545
105 556
287 481
881 616
884 547
265 316
160 437
332 269
564 361
784 94
131 114
393 376
821 429
90 274
473 138
309 121
857 44
395 477
361 341
624 880
635 446
174 844
304 219
802 566
342 221
144 308
589 297
813 470
654 702
143 825
55 439
377 162
712 347
516 509
209 778
344 580
170 58
389 663
486 741
892 632
181 858
865 825
374 165
20 869
847 293
672 864
378 724
269 803
863 744
23 707
639 473
397 617
238 264
810 872
548 497
681 10
405 69
740 547
531 670
76 523
747 618
804 617
625 188
854 18
418 261
684 854
138 331
644 219
867 892
121 514
94 161
758 781
796 618
47 574
584 650
164 890
450 807
525 326
458 381
100 125
240 706
811 125
298 527
868 122
743 208
571 21
393 164
341 683
428 858
162 843
605 597
314 484
512 546
819 606
382 282
322 832
34 173
622 794
201 420
205 585
820 663
33 150
684 475
864 851
242 292
244 587
248 398
871 101
310 274
782 256
234 122
492 614
620 182
511 172
222 785
25 737
820 751
19 434
186 475
832 303
246 313
840 447
624 342
153 533
874 130
340 109
453 261
880 575
202 519
300 563
451 252
399 82
689 834
599 16
306 367
493 69
43 577
304 276
259 674
849 243
775 704
778 714
559 788
733 186
205 349
376 311
313 191
499 241
488 307
493 499
782 104
121 656
37 615
468 755
486 246
166 531
721 389
673 823
339 496
832 818
699 80
115 153
652 221
545 800
892 44
143 12
26 503
484 782
325 857
457 465
408 683
262 549
726 30
217 587
474 184
457 582
79 507
565 438
829 566
722 550
173 200
339 877
862 769
258 326
169 494
226 137
389 331
179 760
207 612
614 236
374 255
734 826
637 389
175 422
271 189
749 434
808 839
313 323
647 738
265 635
811 477
874 532
532 465
331 583
352 155
150 450
54 110
272 587
55 368
287 507
843 884
483 430
45 459
191 444
162 883
121 32
266 206
385 703
507 18
22 457
387 732
500 390
544 132
798 243
343 372
266 700
690 705
251 375
452 711
784 584
698 667
711 39
709 505
730 549
341 831
469 293
667 470
463 827
727 645
344 742
230 54
470 513
792 531
578 124
635 26
714 57
420 428
13 725
361 652
514 647
669 791
107 884
95 547
224 3
194 784
467 178
568 828
272 862
140 656
504 28
470 431
366 827
187 618
427 408
747 185
275 361
204 381
201 318
295 412
523 723
66 711
713 750
812 819
270 206
11 589
735 512
831 284
369 130
43 833
53 45
132 9
498 172
65 864
869 778
534 886
114 495
613 775
583 691
352 867
153 28
728 510
629 402
496 2
131 795
553 262
663 388
576 22
807 109
672 116
709 454
485 524
257 754
368 219
314 830
839 724
349 819
328 392
219 868
23 632
311 523
189 107
430 478
588 249
167 510
230 325
119 512
878 843
278 13
392 737
357 199
855 247
453 249
490 414
494 654
81 570
579 300
346 71
624 336
400 325
183 586
184 604
799 652
884 398
334 637
488 439
179 413
363 392
627 420
276 800
428 222
428 555
178 799
421 457
244 153
431 373
786 497
83 343
840 890
841 177
163 179
42 442
508 363
770 191
93 20
3 276
725 745
390 25
197 545
628 849
312 543
833 789
852 342
619 453
696 80
508 73
666 158
794 575
372 735
636 444
721 218
632 150
742 346
229 8
764 88
654 604
715 459
833 750
315 563
698 496
423 280
113 591
296 195
470 805
749 150
520 662
86 844
498 244
397 483
42 588
495 106
387 744
108 87
733 15
219 124
165 547
48 481
261 676
62 47
890 436
84 466
799 510
809 859
511 328
794 768
282 438
1 431
552 669
742 144
407 754
438 172
850 817
493 711
840 338
513 476
52 517
290 280
453 828
544 721
428 33
322 338
171 890
529 731
185 861
630 738
349 594
443 699
462 190
65 826
321 795
383 77
441 52
385 839
426 288
4 448
687 432
874 233
694 404
871 377
348 327
81 271
177 361
214 45
127 275
807 583
262 258
51 781
392 834
396 89
789 137
186 747
629 593
778 471
413 869
235 208
769 867
113 806
99 832
558 132
710 67
90 510
846 553
747 802
161 475
35 86
247 366
810 445
95 1
499 825
765 132
730 102
505 886
702 655
706 328
869 780
500 260
249 695
485 318
240 841
71 604
648 549
810 732
188 275
443 448
826 444
664 271
596 263
851 428
565 742
641 190
27 610
646 498
818 293
17 308
112 704
653 501
695 517
475 691
310 875
631 871
427 25
144 863
370 96
775 341
854 251
748 487
417 731
788 363
349 428
556 836
486 460
374 92
268 828
700 241
224 751
868 648
740 581
82 184
600 261
835 875
305 159
9 294
