970 2397
450 144
655 86
328 386
275 487
439 438
685 5
577 900
818 720
878 809
800 757
604 599
770 542
402 506
494 315
462 672
327 105
701 444
212 885
598 922
272 33
932 791
37 367
166 589
461 548
678 749
607 547
717 660
48 427
649 4
161 311
532 290
900 206
134 185
70 652
435 1
56 330
579 31
618 743
716 344
720 155
356 351
802 164
929 532
736 379
628 844
935 143
26 855
670 840
380 578
589 690
287 739
600 157
664 18
62 557
882 812
785 226
859 91
55 598
26 956
447 333
233 49
535 781
937 518
141 804
407 37
46 400
947 16
190 887
417 592
956 704
436 222
55 884
611 594
851 909
435 508
783 112
465 169
619 706
376 240
784 866
343 905
456 755
238 15
402 316
188 154
64 488
877 844
99 235
889 236
289 284
291 16
435 897
70 508
914 325
963 435
842 508
843 454
349 17
26 635
364 845
475 721
632 151
636 615
432 684
417 610
15 123
401 307
661 565
644 531
719 692
262 394
82 731
38 630
848 302
62 141
284 188
327 42
287 295
833 964
338 799
599 757
302 495
18 808
548 341
74 957
219 201
742 552
410 257
286 500
477 908
64 430
444 941
853 337
29 292
656 525
313 529
892 355
54 455
832 414
242 674
392 218
263 585
236 731
538 854
724 637
752 244
61 795
99 472
745 909
242 667
220 22
590 141
581 333
687 680
673 668
604 871
386 701
26 923
192 884
651 648
907 95
729 19
233 22
68 558
184 408
468 80
113 919
356 781
547 223
125 866
109 563
794 224
960 847
124 625
218 55
110 452
332 582
313 652
79 924
172 31
100 588
925 621
359 810
840 636
547 624
471 13
437 376
281 433
873 898
416 77
21 132
3 393
745 5
728 75
568 191
415 156
185 907
316 861
711 200
263 551
693 547
346 446
573 665
207 80
376 468
925 614
530 589
853 823
400 964
496 925
763 314
944 892
529 470
913 634
87 649
520 239
60 350
830 123
881 802
959 744
837 550
92 713
450 289
132 474
521 112
890 736
653 457
730 294
141 234
81 188
91 938
917 831
935 688
170 800
942 665
410 729
857 279
822 884
950 471
654 325
853 382
193 773
361 592
877 754
550 310
637 359
44 498
466 412
382 15
694 129
804 52
10 74
525 462
121 837
303 949
269 528
314 452
649 36
193 96
675 635
177 580
179 735
81 480
282 860
214 531
896 336
256 484
482 49
523 954
431 903
72 262
932 479
883 852
719 506
432 958
731 761
381 501
537 583
600 598
181 467
961 658
148 140
351 338
233 425
285 683
52 714
149 875
168 849
885 177
190 39
165 671
162 147
435 371
384 340
534 699
276 354
376 643
603 529
913 940
437 396
935 445
60 51
499 725
303 98
804 517
567 107
21 387
722 605
614 2
48 47
360 806
468 463
141 496
538 68
136 102
653 970
948 570
91 649
627 467
936 919
370 770
776 86
150 826
796 9
889 921
670 189
233 656
392 264
883 183
370 350
139 871
360 344
53 214
882 603
483 402
195 38
857 815
381 858
21 179
573 913
260 39
733 224
833 83
260 377
406 61
173 350
708 418
469 380
863 669
295 719
587 922
921 349
116 706
119 630
234 885
570 446
843 244
883 45
940 663
889 841
562 225
536 601
640 858
60 303
335 417
964 822
434 361
418 559
221 623
882 875
810 621
369 772
272 58
79 940
657 764
20 474
470 783
125 916
236 44
130 705
713 873
409 692
468 47
694 127
720 43
657 542
204 235
167 497
905 659
957 109
414 396
953 606
203 926
790 310
387 353
262 789
488 883
703 42
819 220
569 671
625 736
55 221
57 416
830 427
777 61
961 678
31 84
452 63
236 918
113 207
21 820
212 757
667 69
750 903
236 344
399 60
427 207
406 814
749 459
678 73
522 912
834 331
229 13
184 55
919 539
259 122
631 237
688 908
754 248
956 64
684 377
315 486
23 553
887 611
278 393
191 493
908 369
855 47
512 127
254 249
914 926
772 126
369 484
6 361
231 76
125 116
737 370
60 738
205 444
904 328
280 109
231 278
654 919
22 855
618 294
909 485
542 8
767 667
271 285
684 368
66 356
819 456
125 967
695 16
200 951
473 644
38 966
777 675
444 259
118 686
250 907
610 728
129 224
794 754
9 410
944 742
701 43
499 418
580 409
101 117
563 54
672 964
892 269
643 571
719 557
315 500
392 332
88 784
508 58
810 187
408 31
888 748
912 53
889 584
716 943
117 316
482 350
451 447
324 268
182 712
83 130
501 467
176 966
266 342
964 649
15 249
970 7
199 699
756 702
67 380
488 412
729 78
400 525
609 916
42 930
278 57
856 935
215 712
240 444
438 356
497 920
666 478
353 294
11 242
70 766
684 27
939 293
226 159
906 720
375 840
324 666
641 200
623 413
754 339
634 556
28 568
386 693
162 601
271 740
935 701
302 703
545 953
215 195
417 176
53 279
534 645
739 808
563 13
533 792
623 849
720 753
653 339
305 926
416 812
272 97
607 792
557 115
688 307
580 148
662 396
130 860
597 482
373 488
860 486
831 330
97 753
903 71
900 828
16 462
313 328
826 882
155 539
656 254
645 577
183 963
832 901
65 711
927 448
470 259
436 151
165 906
349 189
185 957
408 326
931 425
406 453
221 568
925 155
265 845
184 891
277 290
47 934
523 352
305 598
360 818
535 760
58 236
775 756
652 65
584 737
368 380
496 342
275 649
283 229
853 262
33 427
113 837
590 241
741 75
620 627
736 16
169 31
425 933
152 875
698 539
437 224
556 816
911 392
767 706
552 444
457 485
774 112
7 404
766 544
217 703
241 257
924 948
749 89
548 287
381 58
514 437
861 368
934 595
939 548
154 538
728 273
379 473
587 547
678 80
201 695
916 138
310 722
792 770
150 710
679 677
288 60
470 276
509 711
609 761
222 174
385 954
261 332
691 750
670 950
824 408
716 734
626 489
862 531
427 806
427 795
693 793
623 564
1 77
93 52
347 889
847 479
443 464
852 455
605 903
34 15
784 46
316 350
59 672
741 388
563 701
964 229
549 620
879 607
155 349
307 523
823 723
846 447
248 678
853 642
121 953
802 801
801 815
201 720
201 107
492 81
334 848
13 129
966 903
163 419
517 369
774 202
577 625
931 934
955 483
562 301
194 646
659 816
734 873
538 258
620 755
748 778
285 516
548 308
364 663
318 718
504 902
909 709
87 450
167 790
19 98
812 16
704 649
874 443
745 504
487 212
221 424
523 220
536 97
776 69
388 830
106 452
771 596
21 413
81 575
893 568
106 154
468 485
967 875
376 561
245 706
30 553
732 700
288 946
537 954
791 416
27 872
338 689
105 294
327 111
171 473
612 307
705 631
598 175
66 884
450 106
483 571
418 777
382 46
203 255
590 718
938 691
339 645
175 168
311 905
761 221
279 645
174 421
893 787
768 19
680 576
278 18
671 20
251 607
620 247
295 934
731 715
593 403
524 314
799 750
503 599
327 627
494 469
98 463
707 666
891 67
113 700
645 908
886 399
923 179
670 459
527 573
164 931
327 657
111 851
335 923
320 528
723 750
175 201
273 177
347 960
377 722
102 668
881 98
776 295
479 409
635 552
526 343
75 4
773 368
295 417
833 525
192 301
357 557
104 95
250 34
801 965
731 490
664 876
628 165
810 669
524 598
27 86
959 609
48 497
912 69
513 25
161 741
440 966
790 497
422 703
119 14
164 524
892 270
307 375
865 894
442 466
539 32
795 331
798 371
598 572
220 242
661 911
631 330
63 851
838 928
235 637
471 494
770 54
457 676
650 413
7 776
251 247
920 955
10 370
549 192
656 14
550 812
2 718
477 165
836 636
525 738
109 783
535 727
25 461
560 187
928 356
803 218
110 744
937 494
572 466
747 745
265 968
293 495
902 571
552 404
356 577
431 570
701 798
885 33
941 474
430 315
137 322
547 626
422 593
463 762
281 439
653 236
892 164
251 20
966 381
471 555
369 350
259 651
575 588
906 21
269 937
714 381
625 782
807 866
594 236
461 279
82 588
746 42
213 636
180 449
527 111
557 573
126 717
789 111
691 612
283 877
514 109
879 573
146 467
888 480
299 44
446 955
353 338
347 751
900 143
499 46
282 930
543 813
677 800
182 508
939 834
164 676
841 279
881 478
898 84
15 870
840 806
949 882
864 790
523 584
865 830
635 451
864 901
170 343
716 350
759 381
570 859
164 70
275 646
369 426
866 872
578 318
740 785
78 232
246 707
322 604
453 305
186 220
521 23
43 128
850 784
903 720
254 167
168 590
386 413
426 171
212 309
517 500
529 851
919 288
61 621
227 935
595 400
927 608
926 616
636 515
472 718
95 532
901 737
298 131
283 253
582 722
26 202
208 668
216 578
910 53
518 5
424 258
570 287
903 110
873 385
470 442
660 862
700 771
590 411
775 741
84 658
747 178
353 159
281 664
573 39
137 373
598 17
13 112
161 893
886 796
210 862
267 583
71 922
828 631
815 586
506 869
730 126
273 663
455 171
22 480
740 11
409 29
912 319
767 361
732 797
511 656
916 832
533 280
49 151
656 505
802 120
805 552
644 192
21 25
315 308
316 446
228 8
904 907
73 358
429 324
878 763
440 24
302 642
49 430
552 3
383 136
959 784
324 247
531 428
277 620
170 419
423 599
512 544
584 621
627 529
645 621
577 228
578 87
928 453
292 190
221 112
866 218
816 69
283 494
758 47
437 873
942 195
393 869
854 33
530 299
125 261
646 583
367 247
800 402
412 483
665 642
279 312
711 579
846 57
433 912
432 288
660 197
228 284
50 441
350 348
48 239
303 147
949 210
201 455
795 827
669 211
266 624
674 286
231 88
402 573
941 716
784 863
866 648
407 919
525 934
363 500
877 445
552 391
419 176
111 147
546 944
431 87
56 347
812 216
45 892
818 60
512 895
841 229
612 301
152 744
120 946
736 2
631 858
118 907
301 180
147 693
167 527
668 733
685 665
943 191
801 303
417 328
516 291
114 95
774 396
922 435
597 824
249 375
585 347
736 879
867 740
134 126
674 387
503 559
34 931
194 698
367 154
758 916
797 796
139 523
128 466
539 944
781 670
4 439
960 592
31 3
149 719
501 694
262 764
585 758
712 415
586 82
271 651
527 125
538 145
779 729
374 384
289 291
826 634
611 183
796 256
579 267
617 92
65 271
601 826
430 1
12 740
968 818
678 347
379 699
416 340
731 568
759 497
147 228
406 883
377 308
412 826
844 789
899 605
761 175
551 229
214 474
70 896
288 871
220 687
628 220
602 617
44 747
744 902
853 359
412 531
658 330
87 612
362 616
628 406
114 249
846 830
59 600
318 503
318 561
907 861
70 729
849 836
143 786
80 56
423 759
249 833
188 850
515 64
863 787
916 287
627 881
155 679
121 686
732 410
553 467
700 262
21 307
518 915
181 359
745 390
343 822
684 351
542 30
449 381
211 778
160 445
400 492
809 832
293 576
868 531
431 443
338 664
78 585
728 788
748 226
969 667
353 824
424 886
685 154
151 87
100 475
597 899
816 545
908 45
443 721
951 402
720 755
906 680
619 543
563 627
597 485
897 391
368 55
773 339
207 939
81 259
448 932
892 935
107 409
708 822
700 677
536 702
60 196
100 136
564 674
784 93
590 641
756 358
775 785
597 908
691 75
731 858
594 207
481 91
617 201
325 527
590 931
296 283
540 403
876 347
531 285
570 960
790 111
464 283
768 585
434 597
763 82
21 147
204 213
696 425
545 332
68 879
786 251
531 507
720 752
157 921
76 532
373 343
502 719
91 932
538 199
390 656
637 539
178 608
340 759
752 944
646 609
689 194
156 724
622 341
877 51
860 474
608 291
662 159
884 686
97 567
439 899
905 804
801 907
775 751
233 685
109 267
320 14
229 76
323 11
664 536
829 728
774 118
297 370
688 243
687 37
672 322
275 477
224 345
338 305
907 887
73 164
496 959
401 241
741 195
669 102
858 955
196 294
400 350
311 424
425 362
706 342
30 126
412 557
144 851
272 818
766 853
369 712
481 579
154 404
742 829
455 595
348 143
204 388
116 584
959 52
563 596
228 445
6 651
367 512
927 273
86 19
401 345
402 617
872 719
545 34
198 541
382 387
424 90
616 606
817 451
784 207
822 267
92 679
399 37
224 343
393 495
503 476
469 663
18 315
773 185
8 381
905 863
357 918
449 477
213 300
106 150
674 731
749 373
298 657
722 738
675 478
621 704
558 393
744 368
482 827
653 395
33 514
160 118
126 801
787 646
774 860
612 917
820 743
619 244
641 508
630 352
170 137
334 523
864 604
536 583
893 104
120 600
165 840
123 607
495 699
725 315
219 780
803 107
209 865
627 418
864 944
957 152
940 944
561 454
946 395
178 724
285 208
396 514
239 567
2 649
354 840
134 800
379 487
433 120
309 400
274 872
408 266
118 501
605 424
432 454
509 190
278 174
692 51
907 847
684 968
351 230
353 515
686 752
798 277
411 53
417 302
737 357
813 200
156 186
528 499
605 560
532 762
592 523
809 494
152 529
168 60
242 424
319 97
103 782
567 613
610 456
834 874
326 75
585 798
837 885
621 305
369 900
951 699
490 291
732 294
74 617
410 294
142 766
492 901
40 936
536 557
405 657
285 187
401 422
595 474
192 327
371 523
196 955
642 121
147 256
437 657
204 585
317 379
946 150
311 264
24 890
522 175
337 344
653 29
233 722
878 130
880 237
862 429
203 603
41 506
757 153
478 410
937 48
884 796
170 84
744 113
765 90
171 655
96 788
463 213
387 242
926 125
252 226
91 758
384 836
302 534
281 137
7 95
121 586
929 739
749 34
790 684
481 817
425 535
780 804
412 827
452 888
73 696
475 124
95 193
596 813
870 786
590 332
730 55
586 272
235 962
507 569
143 639
38 222
612 762
518 921
405 970
836 789
157 185
567 728
789 377
175 597
591 632
410 566
623 75
899 403
446 452
79 548
323 581
569 592
633 36
954 481
673 645
259 458
81 222
446 491
175 230
620 542
147 881
322 316
359 474
490 263
457 86
165 420
189 204
961 403
842 937
855 374
879 961
572 482
332 414
562 895
117 685
752 940
182 729
952 936
368 901
169 692
77 99
671 273
861 423
623 423
678 333
365 371
457 801
909 546
532 898
229 189
889 45
279 814
450 89
566 267
859 319
550 81
625 731
172 340
651 523
322 584
566 113
969 214
749 602
916 669
961 508
853 940
747 345
678 947
839 605
595 221
725 577
826 762
709 338
817 961
714 623
586 952
219 177
921 783
298 438
136 421
389 541
84 784
360 206
125 594
690 498
333 26
685 965
445 672
686 486
859 421
456 593
897 221
537 259
955 451
830 102
596 365
670 58
763 827
433 700
414 884
549 428
7 673
661 285
645 526
886 777
172 958
323 314
824 704
623 538
516 842
278 525
409 722
502 716
413 703
369 57
393 838
802 561
680 141
422 715
386 488
564 167
407 296
691 814
798 715
196 471
72 221
552 242
880 628
657 870
70 134
471 188
719 287
868 560
206 955
150 900
375 101
395 344
185 892
702 699
546 722
764 839
926 178
124 486
325 163
571 250
717 367
388 837
467 46
624 790
432 23
795 201
194 7
106 382
783 344
208 887
597 387
216 862
467 674
27 49
837 58
875 891
966 795
29 670
496 327
908 347
930 168
270 441
328 384
77 326
98 374
99 124
444 366
747 793
622 776
922 596
155 760
653 495
177 254
33 132
490 690
233 290
396 612
757 912
653 256
303 273
490 158
933 453
130 937
216 606
350 788
672 260
872 906
815 426
606 168
29 481
234 596
572 807
764 584
297 57
321 376
542 722
354 45
464 352
123 165
641 672
327 904
420 349
683 522
8 783
523 75
870 358
802 30
623 353
774 535
100 802
486 784
749 75
932 796
257 918
442 410
902 513
559 544
503 105
655 796
343 405
328 285
453 565
112 889
230 370
98 804
29 209
231 949
575 258
604 555
182 148
65 690
652 31
253 377
861 399
775 867
940 367
389 511
101 490
46 176
217 664
797 204
3 159
360 894
715 77
754 429
862 922
744 747
693 67
203 692
934 717
477 931
919 204
243 714
562 830
417 221
345 427
259 887
61 874
725 964
784 864
857 686
474 647
805 705
737 267
332 246
760 415
685 566
856 317
270 260
554 371
868 730
354 54
7 144
379 840
468 50
855 265
473 924
266 848
340 545
682 533
920 930
912 350
6 475
890 269
670 920
177 452
272 11
866 370
25 325
265 60
853 675
864 324
751 708
150 887
439 6
812 105
741 232
814 747
804 691
73 450
401 317
348 535
310 655
223 250
55 875
824 929
200 400
534 597
42 200
330 373
122 705
945 103
947 314
736 108
703 386
462 494
247 774
657 731
394 387
656 818
271 652
951 371
555 625
4 289
337 135
378 265
303 572
950 539
844 30
735 898
917 235
774 172
261 375
684 902
232 548
685 656
154 450
467 911
275 73
964 790
812 155
96 418
652 542
411 837
395 527
140 919
640 898
450 889
448 632
318 289
880 603
420 57
756 691
151 443
54 546
551 800
289 357
206 519
355 286
545 399
488 670
951 321
939 614
600 610
16 319
469 507
554 672
663 290
905 144
264 237
534 184
326 807
597 309
879 752
74 175
60 788
510 774
752 716
823 275
149 832
752 23
264 587
194 65
231 313
124 341
161 197
931 914
645 380
774 588
317 389
559 817
636 565
142 543
752 426
164 197
21 861
479 826
540 360
961 402
873 875
109 297
152 233
860 169
737 402
439 558
777 555
579 339
262 45
835 647
291 56
38 516
547 798
785 578
890 741
496 889
578 696
333 916
317 954
801 450
896 320
301 257
667 313
260 718
10 535
379 100
718 916
438 330
594 939
79 730
779 711
745 962
779 340
11 373
503 332
859 674
608 279
365 363
411 536
470 624
879 284
864 203
578 889
740 789
265 115
69 957
253 934
662 493
150 140
742 191
906 460
158 651
557 266
690 215
748 916
841 321
821 731
276 449
246 548
49 249
568 502
551 694
327 168
957 668
41 555
302 724
917 367
354 754
247 535
896 881
387 761
39 81
242 488
306 342
539 786
376 494
267 321
842 640
528 876
77 181
22 469
43 365
779 807
192 384
699 55
551 909
846 262
811 311
27 907
551 727
954 239
135 929
911 397
265 867
633 905
933 686
53 521
885 582
868 386
430 349
806 263
183 42
754 930
498 910
635 819
739 698
654 784
138 734
434 898
523 314
209 739
191 152
447 343
30 286
234 288
328 272
91 707
404 122
671 649
416 13
569 57
737 594
19 527
668 846
852 712
259 867
163 15
772 265
436 636
20 168
549 133
440 742
684 620
688 449
140 573
798 177
67 457
486 567
754 300
661 736
108 447
845 528
81 438
618 343
374 828
897 564
458 680
522 682
639 623
83 411
571 889
396 628
576 959
313 629
704 542
837 734
527 763
72 472
149 356
890 393
655 582
324 249
480 517
899 58
757 333
6 933
891 506
642 766
738 554
703 524
261 633
943 487
436 753
399 495
919 350
540 676
377 389
140 423
65 616
589 731
71 708
187 75
133 704
372 69
959 734
727 589
466 587
494 5
906 211
586 469
422 882
346 459
241 218
500 155
583 858
702 264
398 403
390 25
925 503
411 164
766 912
909 755
112 109
777 32
409 395
555 861
495 317
668 705
151 431
136 7
653 606
838 602
964 801
550 174
128 769
738 572
528 12
100 943
891 377
236 31
256 101
755 931
826 817
538 138
851 500
390 16
657 626
529 648
608 143
23 947
94 451
683 162
938 678
478 375
706 221
120 623
887 713
139 218
247 255
547 182
583 353
731 120
824 326
435 900
312 719
721 66
776 968
671 25
858 109
768 157
721 776
477 199
688 95
82 322
484 783
178 155
821 116
26 682
942 297
895 606
54 343
131 928
684 186
761 696
958 482
348 804
570 177
91 645
754 383
448 406
196 796
125 8
478 535
920 847
74 686
180 869
930 440
948 783
255 629
667 929
624 285
417 955
249 434
704 426
705 348
101 310
275 617
8 673
519 120
945 350
840 959
267 253
487 467
568 963
663 460
388 148
485 137
518 729
163 909
65 954
195 563
487 234
199 107
623 846
23 563
597 879
303 756
53 119
938 303
650 789
690 744
872 594
384 54
85 807
314 129
225 620
27 501
393 808
599 189
233 342
674 852
677 174
144 137
536 440
332 496
575 436
445 516
466 212
324 477
968 803
734 32
679 737
573 126
544 423
191 524
692 570
527 166
622 864
218 618
937 152
758 213
390 531
545 963
822 123
368 808
312 37
261 473
860 148
11 859
485 187
803 199
114 288
28 842
57 13
922 945
23 577
306 170
843 519
787 713
937 129
850 431
262 138
7 536
802 714
231 563
326 952
537 194
395 634
1 346
101 782
959 859
230 857
598 434
106 916
712 199
894 30
749 777
363 321
85 606
172 116
282 27
329 950
793 653
945 781
379 124
203 743
890 951
725 673
821 681
771 412
76 510
595 119
127 273
669 954
709 3
30 411
569 912
968 856
491 542
277 119
734 798
295 375
118 64
194 582
33 793
676 690
534 304
647 574
253 815
93 966
80 325
740 550
688 342
952 324
254 636
611 846
95 450
372 306
495 786
759 189
226 847
36 252
129 438
556 151
479 608
426 380
392 121
251 52
767 178
532 834
517 524
228 634
745 400
266 340
669 242
362 883
419 456
403 386
174 756
837 738
842 648
899 738
22 493
172 314
815 574
714 687
210 715
