4977.37043306
5002.221525
5041.0330002
5124.43884306
5173.54648936
5179.79402722
5278.99221927
5287.50217306
5293.12894548
5321.39516895
5326.96012227
5415.56075306
5514.62916306
5549.71033868
5552.80690598
5555.06098922
5565.75015387
5611.68192306
5628.00894315
5740.72451306
5844.62502219
5858.39542306
5878.74679248
5887.79292306
6009.66041115
6073.87223306
6188.89917306
6227.1074971
6291.90836306
6362.94547306
6471.34880667
6491.04043306
6493.34793242
6619.09901306
6619.13539306
6662.20988609
6680.91118644
6690.13612306
6748.17798306
6788.47751673
6821.17661306
6885.23689306
6922.22429306
6983.25220832
6984.30530306
7001.58906522
7108.30360306
7131.37371306
7179.34071306
7287.47482306
7307.39929306
7380.32114344
7409.44156935
7447.64169542
7450.53815306
7452.75020404
7463.50040306
7478.59388258
7482.70892042
7564.58108306
7598.90264798
7612.25465766
7621.60254306
7626.56373306
7643.94147666
7693.87860065
7694.50802194
7697.60084306
7720.67095306
7811.64377306
7867.73936306
7868.66523306
7870.12809808
7938.77647306
7983.69217306
8080.74493306
8085.84488306
8176.93960659
8209.78752306
8222.90379306
8351.94638306
8356.85593306
8362.85647736
8424.07025001
8453.90869306
8465.03044306
8492.33550288
8501.91848459
8543.77142897
8546.19108048
8552.06247306
8567.95162306
8668.99930306
